[9521603, 8312521, 9504690, 9498288, 9521610, 6727694, 8872390, 9497004, 9497658]
[9521606, 8312931, 9504960, 9498618, 9521612, 6728252, 8872507, 9497009, 9497661]
[9521599, 8316082, 9507530, 9501109, 9521611, 6816587, 8873295, 9497096, 9497771]
[9521602, 8324037, 9509328, 9502912, 9521615, 6818605, 8874000, 9497153, 9497794]
[9521600, 8324680, 9509739, 9503314, 9521618, 6829816, 8874114, 9497170, 9497873]
[9521598, 8325166, 9510175, 9503759, 9521617, 6831907, 8874242, 9497182, 9497897]
[9521607, 8315009, 9506633, 9500212, 9521620, 6809031, 8873036, 9497057, 9497723]
[9521597, 8313432, 9505428, 9499053, 9521614, 6793211, 8872621, 9497021, 9497673]
[9521605, 8316718, 9508064, 9501680, 9521619, 6818606, 8873471, 9497116, 9497795]
[9521608, 8313904, 9505806, 9499417, 9521616, 6803310, 8872737, 9497033, 9497690]
[9521604, 8315620, 9507065, 9500713, 9521613, 6812468, 8873175, 9497079, 9497743]
[9521601, 8314340, 9506206, 9499783, 9521609, 6805688, 8872877, 9497042, 9497707]
