[7110216, 7117387, 7106593, 5119438, 6545764, 7117407, 7106594, 7110183, 5117059, 6545765]
[7111013, 7117394, 7107475, 5126276, 6546004, 7117393, 7107476, 7111057, 5046031, 6546005]
[7111985, 7117406, 7108461, 5136933, 6546420, 7117402, 7108462, 7112012, 5101747, 6546421]
[7110419, 7117389, 7106949, 5120066, 6545859, 7117388, 7106950, 7110463, 5060209, 6545860]
[7110419, 7117389, 7106949, 5123062, 6545859, 7117388, 7106950, 7110463, 5101745, 6545860]
[7111532, 7117390, 7107923, 5132689, 6546250, 7117398, 7107924, 7111502, 5132899, 6546251]
[7111532, 7117390, 7107923, 5132840, 6546250, 7117398, 7107924, 7111502, 5131662, 6546251]
[7110183, 7117407, 7106594, 5119432, 6545765, 7117392, 7106595, 7110179, 5048859, 6545766]
[7112774, 7117403, 7109291, 5120525, 6546678, 7117396, 7109292, 7112778, 5046666, 6546679]
[7111013, 7117394, 7107475, 5060244, 6546004, 7117393, 7107476, 7111057, 5048141, 6546005]
[7110419, 7117389, 7106949, 5121031, 6545859, 7117388, 7106950, 7110463, 5101745, 6545860]
[7111013, 7117394, 7107475, 5060244, 6546004, 7117393, 7107476, 7111057, 5120682, 6546005]
[7111985, 7117406, 7108461, 5120427, 6546420, 7117402, 7108462, 7112012, 5046093, 6546421]
[7110216, 7117387, 7106593, 5048173, 6545764, 7117407, 7106594, 7110183, 5060298, 6545765]
[7111013, 7117394, 7107475, 5120673, 6546004, 7117393, 7107476, 7111057, 5048141, 6546005]
[7110216, 7117387, 7106593, 5046687, 6545764, 7117407, 7106594, 7110183, 5048845, 6545765]
[7111532, 7117390, 7107923, 5117063, 6546250, 7117398, 7107924, 7111502, 5132899, 6546251]
[7111013, 7117394, 7107475, 5117067, 6546004, 7117393, 7107476, 7111057, 5046031, 6546005]
[7110216, 7117387, 7106593, 5120104, 6545764, 7117407, 7106594, 7110183, 5119432, 6545765]
[7110183, 7117407, 7106594, 5060298, 6545765, 7117392, 7106595, 7110179, 5119907, 6545766]
[7110183, 7117407, 7106594, 5047980, 6545765, 7117392, 7106595, 7110179, 5118909, 6545766]
[7111013, 7117394, 7107475, 5121164, 6546004, 7117393, 7107476, 7111057, 5120682, 6546005]
[7111013, 7117394, 7107475, 5125974, 6546004, 7117393, 7107476, 7111057, 5060276, 6546005]
[7111532, 7117390, 7107923, 5048326, 6546250, 7117398, 7107924, 7111502, 5126488, 6546251]
[7111985, 7117406, 7108461, 5060251, 6546420, 7117402, 7108462, 7112012, 5048838, 6546421]
[7110419, 7117389, 7106949, 5047953, 6545859, 7117388, 7106950, 7110463, 5060209, 6545860]
[7111985, 7117406, 7108461, 5069042, 6546420, 7117402, 7108462, 7112012, 5135616, 6546421]
[7112774, 7117403, 7109291, 5140810, 6546678, 7117396, 7109292, 7112778, 5049000, 6546679]
[7112774, 7117403, 7109291, 5117065, 6546678, 7117396, 7109292, 7112778, 5120594, 6546679]
[7111985, 7117406, 7108461, 5137508, 6546420, 7117402, 7108462, 7112012, 5069061, 6546421]
[7112774, 7117403, 7109291, 5117065, 6546678, 7117396, 7109292, 7112778, 5047921, 6546679]
[7111309, 7117397, 7107667, 5046723, 6546080, 7117404, 7107668, 7111324, 5126466, 6546081]
[7111532, 7117390, 7107923, 5131744, 6546250, 7117398, 7107924, 7111502, 5126488, 6546251]
[7111985, 7117406, 7108461, 5120427, 6546420, 7117402, 7108462, 7112012, 5135616, 6546421]
[7110216, 7117387, 7106593, 5120259, 6545764, 7117407, 7106594, 7110183, 5041035, 6545765]
[7111532, 7117390, 7107923, 5046338, 6546250, 7117398, 7107924, 7111502, 5120711, 6546251]
[7110216, 7117387, 7106593, 5069055, 6545764, 7117407, 7106594, 7110183, 5046491, 6545765]
[7110216, 7117387, 7106593, 5120104, 6545764, 7117392, 7106595, 7110179, 5118909, 6545766]
[7111532, 7117390, 7107923, 5120715, 6546250, 7117398, 7107924, 7111502, 5047846, 6546251]
[7110183, 7117407, 7106594, 5119855, 6545765, 7117392, 7106595, 7110179, 5048027, 6545766]
[7111985, 7117406, 7108461, 5120427, 6546420, 7117402, 7108462, 7112012, 5069061, 6546421]
[7111985, 7117406, 7108461, 5135637, 6546420, 7117402, 7108462, 7112012, 5137516, 6546421]
[7111013, 7117394, 7107475, 5046101, 6546004, 7117393, 7107476, 7111057, 5126821, 6546005]
[7110183, 7117407, 7106594, 5069060, 6545765, 7117392, 7106595, 7110179, 5118909, 6545766]
[7110183, 7117407, 7106594, 5118891, 6545765, 7117392, 7106595, 7110179, 5060269, 6545766]
[7110216, 7117387, 7106593, 5060142, 6545764, 7117392, 7106595, 7110179, 5118909, 6545766]
[7111013, 7117394, 7107475, 5117067, 6546004, 7117393, 7107476, 7111057, 5048141, 6546005]
[7112774, 7117403, 7109291, 5142855, 6546678, 7117396, 7109292, 7112778, 5141090, 6546679]
[7111985, 7117406, 7108461, 5120427, 6546420, 7117402, 7108462, 7112012, 5137516, 6546421]
[7110183, 7117407, 7106594, 5041035, 6545765, 7117392, 7106595, 7110179, 5119439, 6545766]
[7110419, 7117389, 7106949, 5120066, 6545859, 7117388, 7106950, 7110463, 5041667, 6545860]
[7111013, 7117394, 7107475, 5048248, 6546004, 7117393, 7107476, 7111057, 5048741, 6546005]
[7110183, 7117407, 7106594, 5041035, 6545765, 7117392, 7106595, 7110179, 5048027, 6545766]
[7111309, 7117397, 7107667, 5048324, 6546080, 7117404, 7107668, 7111324, 5049446, 6546081]
[7110183, 7117407, 7106594, 5060298, 6545765, 7117392, 7106595, 7110179, 5101750, 6545766]
[7110419, 7117389, 7106949, 5117068, 6545859, 7117388, 7106950, 7110463, 5120826, 6545860]
[7111532, 7117390, 7107923, 5049005, 6546250, 7117398, 7107924, 7111502, 5101753, 6546251]
[7110419, 7117389, 7106949, 5046087, 6545859, 7117388, 7106950, 7110463, 5123213, 6545860]
[7110216, 7117387, 7106593, 5048768, 6545764, 7117392, 7106595, 7110179, 5048027, 6545766]
[7111309, 7117397, 7107667, 5069049, 6546080, 7117404, 7107668, 7111324, 5121122, 6546081]
[7111532, 7117390, 7107923, 5048326, 6546250, 7117398, 7107924, 7111502, 5046318, 6546251]
[7110183, 7117407, 7106594, 5060298, 6545765, 7117392, 7106595, 7110179, 5048027, 6545766]
[7110216, 7117387, 7106593, 5048173, 6545764, 7117392, 7106595, 7110179, 5046496, 6545766]
[7111532, 7117390, 7107923, 5126596, 6546250, 7117398, 7107924, 7111502, 5046318, 6546251]
[7111985, 7117406, 7108461, 5136533, 6546420, 7117402, 7108462, 7112012, 5135616, 6546421]
[7110216, 7117387, 7106593, 5118901, 6545764, 7117407, 7106594, 7110183, 5120044, 6545765]
[7110216, 7117387, 7106593, 5119858, 6545764, 7117407, 7106594, 7110183, 5060298, 6545765]
[7111532, 7117390, 7107923, 5046338, 6546250, 7117398, 7107924, 7111502, 5060205, 6546251]
[7110419, 7117389, 7106949, 5046087, 6545859, 7117388, 7106950, 7110463, 5101745, 6545860]
[7110183, 7117407, 7106594, 5047980, 6545765, 7117392, 7106595, 7110179, 5046496, 6545766]
[7111309, 7117397, 7107667, 5126819, 6546080, 7117404, 7107668, 7111324, 5120378, 6546081]
[7112774, 7117403, 7109291, 5120525, 6546678, 7117396, 7109292, 7112778, 5141090, 6546679]
[7111309, 7117397, 7107667, 5117061, 6546080, 7117404, 7107668, 7111324, 5069059, 6546081]
[7110216, 7117387, 7106593, 5048768, 6545764, 7117392, 7106595, 7110179, 5040963, 6545766]
[7110419, 7117389, 7106949, 5049291, 6545859, 7117388, 7106950, 7110463, 5120826, 6545860]
[7111532, 7117390, 7107923, 5117063, 6546250, 7117398, 7107924, 7111502, 5132841, 6546251]
[7111532, 7117390, 7107923, 5126596, 6546250, 7117398, 7107924, 7111502, 5132841, 6546251]
[7110216, 7117387, 7106593, 5048768, 6545764, 7117407, 7106594, 7110183, 5118891, 6545765]
[7110419, 7117389, 7106949, 5120757, 6545859, 7117388, 7106950, 7110463, 5120057, 6545860]
[7111309, 7117397, 7107667, 5046723, 6546080, 7117404, 7107668, 7111324, 5125754, 6546081]
[7111309, 7117397, 7107667, 5069049, 6546080, 7117404, 7107668, 7111324, 5049446, 6546081]
[7111309, 7117397, 7107667, 5126819, 6546080, 7117404, 7107668, 7111324, 5069059, 6546081]
[7111309, 7117397, 7107667, 5128629, 6546080, 7117404, 7107668, 7111324, 5126466, 6546081]
[7110216, 7117387, 7106593, 5118901, 6545764, 7117407, 7106594, 7110183, 5048845, 6545765]
[7111532, 7117390, 7107923, 5132689, 6546250, 7117398, 7107924, 7111502, 5101753, 6546251]
[7111532, 7117390, 7107923, 5120715, 6546250, 7117398, 7107924, 7111502, 5132899, 6546251]
[7112774, 7117403, 7109291, 5069045, 6546678, 7117396, 7109292, 7112778, 5143011, 6546679]
[7111985, 7117406, 7108461, 5117066, 6546420, 7117402, 7108462, 7112012, 5048838, 6546421]
[7112774, 7117403, 7109291, 5048310, 6546678, 7117396, 7109292, 7112778, 5142845, 6546679]
[7111013, 7117394, 7107475, 5069062, 6546004, 7117393, 7107476, 7111057, 5120682, 6546005]
[7111013, 7117394, 7107475, 5125974, 6546004, 7117393, 7107476, 7111057, 5069053, 6546005]
[7110216, 7117387, 7106593, 5120104, 6545764, 7117392, 7106595, 7110179, 5119862, 6545766]
[7112774, 7117403, 7109291, 5069045, 6546678, 7117396, 7109292, 7112778, 5049000, 6546679]
[7111309, 7117397, 7107667, 5060306, 6546080, 7117404, 7107668, 7111324, 5101749, 6546081]
[7111985, 7117406, 7108461, 5135637, 6546420, 7117402, 7108462, 7112012, 5101747, 6546421]
[7110419, 7117389, 7106949, 5121031, 6545859, 7117388, 7106950, 7110463, 5069052, 6545860]
[7110216, 7117387, 7106593, 5119438, 6545764, 7117392, 7106595, 7110179, 5118909, 6545766]
[7112774, 7117403, 7109291, 5069045, 6546678, 7117396, 7109292, 7112778, 5141090, 6546679]
[7110216, 7117387, 7106593, 5060142, 6545764, 7117407, 7106594, 7110183, 5047980, 6545765]
[7111532, 7117390, 7107923, 5131744, 6546250, 7117398, 7107924, 7111502, 5132841, 6546251]
[7111309, 7117397, 7107667, 5060306, 6546080, 7117404, 7107668, 7111324, 5069059, 6546081]
[7112774, 7117403, 7109291, 5142855, 6546678, 7117396, 7109292, 7112778, 5047921, 6546679]
[7111013, 7117394, 7107475, 5121164, 6546004, 7117393, 7107476, 7111057, 5128257, 6546005]
[7111985, 7117406, 7108461, 5117066, 6546420, 7117402, 7108462, 7112012, 5136646, 6546421]
[7110419, 7117389, 7106949, 5041045, 6545859, 7117388, 7106950, 7110463, 5101745, 6545860]
[7110216, 7117387, 7106593, 5069055, 6545764, 7117392, 7106595, 7110179, 5046496, 6545766]
[7110183, 7117407, 7106594, 5118891, 6545765, 7117392, 7106595, 7110179, 5119439, 6545766]
[7112774, 7117403, 7109291, 5120525, 6546678, 7117396, 7109292, 7112778, 5142845, 6546679]
[7110419, 7117389, 7106949, 5060258, 6545859, 7117388, 7106950, 7110463, 5121233, 6545860]
[7111532, 7117390, 7107923, 5120715, 6546250, 7117398, 7107924, 7111502, 5046318, 6546251]
[7111985, 7117406, 7108461, 5048743, 6546420, 7117402, 7108462, 7112012, 5047857, 6546421]
[7111309, 7117397, 7107667, 5069049, 6546080, 7117404, 7107668, 7111324, 5047671, 6546081]
[7111985, 7117406, 7108461, 5060251, 6546420, 7117402, 7108462, 7112012, 5046093, 6546421]
[7111013, 7117394, 7107475, 5060244, 6546004, 7117393, 7107476, 7111057, 5128257, 6546005]
[7111532, 7117390, 7107923, 5060309, 6546250, 7117398, 7107924, 7111502, 5120711, 6546251]
[7110183, 7117407, 7106594, 5119855, 6545765, 7117392, 7106595, 7110179, 5046496, 6545766]
[7110183, 7117407, 7106594, 5117059, 6545765, 7117392, 7106595, 7110179, 5119907, 6545766]
[7111309, 7117397, 7107667, 5117061, 6546080, 7117404, 7107668, 7111324, 5101749, 6546081]
[7111985, 7117406, 7108461, 5136533, 6546420, 7117402, 7108462, 7112012, 5101747, 6546421]
[7111532, 7117390, 7107923, 5060309, 6546250, 7117398, 7107924, 7111502, 5131662, 6546251]
[7111309, 7117397, 7107667, 5128629, 6546080, 7117404, 7107668, 7111324, 5101749, 6546081]
[7110216, 7117387, 7106593, 5048768, 6545764, 7117392, 7106595, 7110179, 5119439, 6545766]
[7110419, 7117389, 7106949, 5049291, 6545859, 7117388, 7106950, 7110463, 5069052, 6545860]
[7112774, 7117403, 7109291, 5046353, 6546678, 7117396, 7109292, 7112778, 5136834, 6546679]
[7111013, 7117394, 7107475, 5128256, 6546004, 7117393, 7107476, 7111057, 5069053, 6546005]
[7111985, 7117406, 7108461, 5046050, 6546420, 7117402, 7108462, 7112012, 5137516, 6546421]
[7110419, 7117389, 7106949, 5069044, 6545859, 7117388, 7106950, 7110463, 5046750, 6545860]
[7111309, 7117397, 7107667, 5120836, 6546080, 7117404, 7107668, 7111324, 5126466, 6546081]
[7110216, 7117387, 7106593, 5118901, 6545764, 7117407, 7106594, 7110183, 5041035, 6545765]
[7110183, 7117407, 7106594, 5048845, 6545765, 7117392, 7106595, 7110179, 5119907, 6545766]
[7110216, 7117387, 7106593, 5120259, 6545764, 7117407, 7106594, 7110183, 5117059, 6545765]
[7110183, 7117407, 7106594, 5069060, 6545765, 7117392, 7106595, 7110179, 5119907, 6545766]
[7111013, 7117394, 7107475, 5048788, 6546004, 7117393, 7107476, 7111057, 5101752, 6546005]
[7111532, 7117390, 7107923, 5117063, 6546250, 7117398, 7107924, 7111502, 5060205, 6546251]
[7110183, 7117407, 7106594, 5120044, 6545765, 7117392, 7106595, 7110179, 5119862, 6545766]
[7111985, 7117406, 7108461, 5136933, 6546420, 7117402, 7108462, 7112012, 5060191, 6546421]
[7110183, 7117407, 7106594, 5118891, 6545765, 7117392, 7106595, 7110179, 5119862, 6545766]
[7110419, 7117389, 7106949, 5120757, 6545859, 7117388, 7106950, 7110463, 5101745, 6545860]
[7110216, 7117387, 7106593, 5048173, 6545764, 7117392, 7106595, 7110179, 5048859, 6545766]
[7110419, 7117389, 7106949, 5120066, 6545859, 7117388, 7106950, 7110463, 5123213, 6545860]
[7110183, 7117407, 7106594, 5119855, 6545765, 7117392, 7106595, 7110179, 5119439, 6545766]
[7111532, 7117390, 7107923, 5132840, 6546250, 7117398, 7107924, 7111502, 5049423, 6546251]
[7111532, 7117390, 7107923, 5117063, 6546250, 7117398, 7107924, 7111502, 5046318, 6546251]
[7110216, 7117387, 7106593, 5060142, 6545764, 7117407, 7106594, 7110183, 5118891, 6545765]
[7112774, 7117403, 7109291, 5137038, 6546678, 7117396, 7109292, 7112778, 5141090, 6546679]
[7110216, 7117387, 7106593, 5120104, 6545764, 7117407, 7106594, 7110183, 5046491, 6545765]
[7111309, 7117397, 7107667, 5121199, 6546080, 7117404, 7107668, 7111324, 5126466, 6546081]
[7110216, 7117387, 7106593, 5120259, 6545764, 7117407, 7106594, 7110183, 5047980, 6545765]
[7110216, 7117387, 7106593, 5040384, 6545764, 7117407, 7106594, 7110183, 5069060, 6545765]
[7111309, 7117397, 7107667, 5117061, 6546080, 7117404, 7107668, 7111324, 5125754, 6546081]
[7110216, 7117387, 7106593, 5060142, 6545764, 7117407, 7106594, 7110183, 5119855, 6545765]
[7111013, 7117394, 7107475, 5128256, 6546004, 7117393, 7107476, 7111057, 5060276, 6546005]
[7110216, 7117387, 7106593, 5069055, 6545764, 7117392, 7106595, 7110179, 5118909, 6545766]
[7110216, 7117387, 7106593, 5119858, 6545764, 7117392, 7106595, 7110179, 5101750, 6545766]
[7110183, 7117407, 7106594, 5060298, 6545765, 7117392, 7106595, 7110179, 5048859, 6545766]
[7110183, 7117407, 7106594, 5120044, 6545765, 7117392, 7106595, 7110179, 5118909, 6545766]
[7111013, 7117394, 7107475, 5121164, 6546004, 7117393, 7107476, 7111057, 5060276, 6546005]
[7110216, 7117387, 7106593, 5119438, 6545764, 7117407, 7106594, 7110183, 5119855, 6545765]
[7110216, 7117387, 7106593, 5118901, 6545764, 7117392, 7106595, 7110179, 5060269, 6545766]
[7111013, 7117394, 7107475, 5048788, 6546004, 7117393, 7107476, 7111057, 5126821, 6546005]
[7112774, 7117403, 7109291, 5143004, 6546678, 7117396, 7109292, 7112778, 5101746, 6546679]
[7112774, 7117403, 7109291, 5060253, 6546678, 7117396, 7109292, 7112778, 5143011, 6546679]
[7111985, 7117406, 7108461, 5137508, 6546420, 7117402, 7108462, 7112012, 5046093, 6546421]
[7112774, 7117403, 7109291, 5140810, 6546678, 7117396, 7109292, 7112778, 5047921, 6546679]
[7111532, 7117390, 7107923, 5048326, 6546250, 7117398, 7107924, 7111502, 5101753, 6546251]
[7112774, 7117403, 7109291, 5060253, 6546678, 7117396, 7109292, 7112778, 5101746, 6546679]
[7110183, 7117407, 7106594, 5069060, 6545765, 7117392, 7106595, 7110179, 5101750, 6545766]
[7110419, 7117389, 7106949, 5123062, 6545859, 7117388, 7106950, 7110463, 5049141, 6545860]
[7111013, 7117394, 7107475, 5048788, 6546004, 7117393, 7107476, 7111057, 5069053, 6546005]
[7110419, 7117389, 7106949, 5046087, 6545859, 7117388, 7106950, 7110463, 5069052, 6545860]
[7111309, 7117397, 7107667, 5069049, 6546080, 7117404, 7107668, 7111324, 5046097, 6546081]
[7111309, 7117397, 7107667, 5046723, 6546080, 7117404, 7107668, 7111324, 5120378, 6546081]
[7110183, 7117407, 7106594, 5047980, 6545765, 7117392, 7106595, 7110179, 5040963, 6545766]
[7112774, 7117403, 7109291, 5142855, 6546678, 7117396, 7109292, 7112778, 5060143, 6546679]
[7110419, 7117389, 7106949, 5041045, 6545859, 7117388, 7106950, 7110463, 5120826, 6545860]
[7111985, 7117406, 7108461, 5069042, 6546420, 7117402, 7108462, 7112012, 5060191, 6546421]
[7111532, 7117390, 7107923, 5132689, 6546250, 7117398, 7107924, 7111502, 5046318, 6546251]
[7111013, 7117394, 7107475, 5048788, 6546004, 7117393, 7107476, 7111057, 5060276, 6546005]
[7110216, 7117387, 7106593, 5048768, 6545764, 7117392, 7106595, 7110179, 5069048, 6545766]
[7110183, 7117407, 7106594, 5047980, 6545765, 7117392, 7106595, 7110179, 5119862, 6545766]
[7110216, 7117387, 7106593, 5046687, 6545764, 7117407, 7106594, 7110183, 5119855, 6545765]
[7110216, 7117387, 7106593, 5060142, 6545764, 7117407, 7106594, 7110183, 5046491, 6545765]
[7111013, 7117394, 7107475, 5128256, 6546004, 7117393, 7107476, 7111057, 5048141, 6546005]
[7111013, 7117394, 7107475, 5126276, 6546004, 7117393, 7107476, 7111057, 5069053, 6546005]
[7110216, 7117387, 7106593, 5119858, 6545764, 7117407, 7106594, 7110183, 5046491, 6545765]
[7111013, 7117394, 7107475, 5048248, 6546004, 7117393, 7107476, 7111057, 5125739, 6546005]
[7111532, 7117390, 7107923, 5048326, 6546250, 7117398, 7107924, 7111502, 5069039, 6546251]
[7111985, 7117406, 7108461, 5048743, 6546420, 7117402, 7108462, 7112012, 5136646, 6546421]
[7110216, 7117387, 7106593, 5119438, 6545764, 7117407, 7106594, 7110183, 5046491, 6545765]
[7111985, 7117406, 7108461, 5046050, 6546420, 7117402, 7108462, 7112012, 5069061, 6546421]
[7110216, 7117387, 7106593, 5069055, 6545764, 7117392, 7106595, 7110179, 5048027, 6545766]
[7111985, 7117406, 7108461, 5117066, 6546420, 7117402, 7108462, 7112012, 5137516, 6546421]
[7112774, 7117403, 7109291, 5140810, 6546678, 7117396, 7109292, 7112778, 5142845, 6546679]
[7110183, 7117407, 7106594, 5120044, 6545765, 7117392, 7106595, 7110179, 5046496, 6545766]
[7111309, 7117397, 7107667, 5121199, 6546080, 7117404, 7107668, 7111324, 5060252, 6546081]
[7110183, 7117407, 7106594, 5047980, 6545765, 7117392, 7106595, 7110179, 5069048, 6545766]
[7112774, 7117403, 7109291, 5140810, 6546678, 7117396, 7109292, 7112778, 5136834, 6546679]
[7111985, 7117406, 7108461, 5048743, 6546420, 7117402, 7108462, 7112012, 5101747, 6546421]
[7110216, 7117387, 7106593, 5060142, 6545764, 7117392, 7106595, 7110179, 5040963, 6545766]
[7112774, 7117403, 7109291, 5137038, 6546678, 7117396, 7109292, 7112778, 5101746, 6546679]
[7111309, 7117397, 7107667, 5121199, 6546080, 7117404, 7107668, 7111324, 5069059, 6546081]
[7110183, 7117407, 7106594, 5117059, 6545765, 7117392, 7106595, 7110179, 5040963, 6545766]
[7111985, 7117406, 7108461, 5117066, 6546420, 7117402, 7108462, 7112012, 5101747, 6546421]
[7110216, 7117387, 7106593, 5120259, 6545764, 7117407, 7106594, 7110183, 5069060, 6545765]
[7111532, 7117390, 7107923, 5132689, 6546250, 7117398, 7107924, 7111502, 5069039, 6546251]
[7110216, 7117387, 7106593, 5048173, 6545764, 7117407, 7106594, 7110183, 5120044, 6545765]
[7112774, 7117403, 7109291, 5069045, 6546678, 7117396, 7109292, 7112778, 5101746, 6546679]
[7110216, 7117387, 7106593, 5040384, 6545764, 7117407, 7106594, 7110183, 5119855, 6545765]
[7111985, 7117406, 7108461, 5046050, 6546420, 7117402, 7108462, 7112012, 5101747, 6546421]
[7111985, 7117406, 7108461, 5120427, 6546420, 7117402, 7108462, 7112012, 5060191, 6546421]
[7110216, 7117387, 7106593, 5060142, 6545764, 7117392, 7106595, 7110179, 5119907, 6545766]
[7111013, 7117394, 7107475, 5060244, 6546004, 7117393, 7107476, 7111057, 5101752, 6546005]
[7111532, 7117390, 7107923, 5131744, 6546250, 7117398, 7107924, 7111502, 5046318, 6546251]
[7111532, 7117390, 7107923, 5132840, 6546250, 7117398, 7107924, 7111502, 5132899, 6546251]
[7111309, 7117397, 7107667, 5120836, 6546080, 7117404, 7107668, 7111324, 5128511, 6546081]
[7110419, 7117389, 7106949, 5041045, 6545859, 7117388, 7106950, 7110463, 5060209, 6545860]
[7110216, 7117387, 7106593, 5120259, 6545764, 7117407, 7106594, 7110183, 5048845, 6545765]
[7111309, 7117397, 7107667, 5121199, 6546080, 7117404, 7107668, 7111324, 5128511, 6546081]
[7111985, 7117406, 7108461, 5060251, 6546420, 7117402, 7108462, 7112012, 5137516, 6546421]
[7111013, 7117394, 7107475, 5060244, 6546004, 7117393, 7107476, 7111057, 5048741, 6546005]
[7110216, 7117387, 7106593, 5119858, 6545764, 7117392, 7106595, 7110179, 5046496, 6545766]
[7110183, 7117407, 7106594, 5048845, 6545765, 7117392, 7106595, 7110179, 5101750, 6545766]
[7110216, 7117387, 7106593, 5120259, 6545764, 7117392, 7106595, 7110179, 5048859, 6545766]
[7112774, 7117403, 7109291, 5048310, 6546678, 7117396, 7109292, 7112778, 5136834, 6546679]
[7110419, 7117389, 7106949, 5049291, 6545859, 7117388, 7106950, 7110463, 5048035, 6545860]
[7110419, 7117389, 7106949, 5046087, 6545859, 7117388, 7106950, 7110463, 5041667, 6545860]
[7111013, 7117394, 7107475, 5125974, 6546004, 7117393, 7107476, 7111057, 5128257, 6546005]
[7111985, 7117406, 7108461, 5048433, 6546420, 7117402, 7108462, 7112012, 5136406, 6546421]
[7110419, 7117389, 7106949, 5117068, 6545859, 7117388, 7106950, 7110463, 5049141, 6545860]
[7111309, 7117397, 7107667, 5046723, 6546080, 7117404, 7107668, 7111324, 5060252, 6546081]
[7111532, 7117390, 7107923, 5069043, 6546250, 7117398, 7107924, 7111502, 5046318, 6546251]
[7110419, 7117389, 7106949, 5069044, 6545859, 7117388, 7106950, 7110463, 5123213, 6545860]
[7112774, 7117403, 7109291, 5069045, 6546678, 7117396, 7109292, 7112778, 5120594, 6546679]
[7110216, 7117387, 7106593, 5120104, 6545764, 7117407, 7106594, 7110183, 5060298, 6545765]
[7111985, 7117406, 7108461, 5048743, 6546420, 7117402, 7108462, 7112012, 5060191, 6546421]
[7110183, 7117407, 7106594, 5120044, 6545765, 7117392, 7106595, 7110179, 5069048, 6545766]
[7111532, 7117390, 7107923, 5132689, 6546250, 7117398, 7107924, 7111502, 5060205, 6546251]
[7110419, 7117389, 7106949, 5047953, 6545859, 7117388, 7106950, 7110463, 5069052, 6545860]
[7110419, 7117389, 7106949, 5123062, 6545859, 7117388, 7106950, 7110463, 5069052, 6545860]
[7110183, 7117407, 7106594, 5120044, 6545765, 7117392, 7106595, 7110179, 5060269, 6545766]
[7110216, 7117387, 7106593, 5118901, 6545764, 7117392, 7106595, 7110179, 5119907, 6545766]
[7110216, 7117387, 7106593, 5046687, 6545764, 7117407, 7106594, 7110183, 5120044, 6545765]
[7110183, 7117407, 7106594, 5046491, 6545765, 7117392, 7106595, 7110179, 5118909, 6545766]
[7111532, 7117390, 7107923, 5132840, 6546250, 7117398, 7107924, 7111502, 5047846, 6546251]
[7110183, 7117407, 7106594, 5069060, 6545765, 7117392, 7106595, 7110179, 5119439, 6545766]
[7112774, 7117403, 7109291, 5117065, 6546678, 7117396, 7109292, 7112778, 5101746, 6546679]
[7110216, 7117387, 7106593, 5040384, 6545764, 7117392, 7106595, 7110179, 5118909, 6545766]
[7110216, 7117387, 7106593, 5046687, 6545764, 7117407, 7106594, 7110183, 5069060, 6545765]
[7111309, 7117397, 7107667, 5048324, 6546080, 7117404, 7107668, 7111324, 5128511, 6546081]
[7110419, 7117389, 7106949, 5120066, 6545859, 7117388, 7106950, 7110463, 5046750, 6545860]
[7110216, 7117387, 7106593, 5048768, 6545764, 7117407, 7106594, 7110183, 5046491, 6545765]
[7111532, 7117390, 7107923, 5049005, 6546250, 7117398, 7107924, 7111502, 5060205, 6546251]
[7110216, 7117387, 7106593, 5040384, 6545764, 7117407, 7106594, 7110183, 5119432, 6545765]
[7110419, 7117389, 7106949, 5049291, 6545859, 7117388, 7106950, 7110463, 5101745, 6545860]
[7111309, 7117397, 7107667, 5048771, 6546080, 7117404, 7107668, 7111324, 5047671, 6546081]
[7110183, 7117407, 7106594, 5048845, 6545765, 7117392, 7106595, 7110179, 5119862, 6545766]
[7110216, 7117387, 7106593, 5119438, 6545764, 7117392, 7106595, 7110179, 5101750, 6545766]
[7110216, 7117387, 7106593, 5048768, 6545764, 7117407, 7106594, 7110183, 5120044, 6545765]
[7111985, 7117406, 7108461, 5136533, 6546420, 7117402, 7108462, 7112012, 5069061, 6546421]
[7110419, 7117389, 7106949, 5121031, 6545859, 7117388, 7106950, 7110463, 5041667, 6545860]
[7111309, 7117397, 7107667, 5120836, 6546080, 7117404, 7107668, 7111324, 5069059, 6546081]
[7110419, 7117389, 7106949, 5046087, 6545859, 7117388, 7106950, 7110463, 5120826, 6545860]
[7112774, 7117403, 7109291, 5069045, 6546678, 7117396, 7109292, 7112778, 5136834, 6546679]
[7110419, 7117389, 7106949, 5041045, 6545859, 7117388, 7106950, 7110463, 5048035, 6545860]
[7111013, 7117394, 7107475, 5048248, 6546004, 7117393, 7107476, 7111057, 5126821, 6546005]
[7111309, 7117397, 7107667, 5048771, 6546080, 7117404, 7107668, 7111324, 5120378, 6546081]
[7112774, 7117403, 7109291, 5120525, 6546678, 7117396, 7109292, 7112778, 5143011, 6546679]
[7111532, 7117390, 7107923, 5049005, 6546250, 7117398, 7107924, 7111502, 5120711, 6546251]
[7110419, 7117389, 7106949, 5120066, 6545859, 7117388, 7106950, 7110463, 5069052, 6545860]
[7110419, 7117389, 7106949, 5047953, 6545859, 7117388, 7106950, 7110463, 5049141, 6545860]
[7111309, 7117397, 7107667, 5121199, 6546080, 7117404, 7107668, 7111324, 5049446, 6546081]
[7111985, 7117406, 7108461, 5136933, 6546420, 7117402, 7108462, 7112012, 5069061, 6546421]
[7110216, 7117387, 7106593, 5069055, 6545764, 7117392, 7106595, 7110179, 5040963, 6545766]
[7110216, 7117387, 7106593, 5120259, 6545764, 7117392, 7106595, 7110179, 5048027, 6545766]
[7110216, 7117387, 7106593, 5120259, 6545764, 7117392, 7106595, 7110179, 5069048, 6545766]
[7110183, 7117407, 7106594, 5041035, 6545765, 7117392, 7106595, 7110179, 5118909, 6545766]
[7110216, 7117387, 7106593, 5048173, 6545764, 7117407, 7106594, 7110183, 5046491, 6545765]
[7110183, 7117407, 7106594, 5041035, 6545765, 7117392, 7106595, 7110179, 5046496, 6545766]
[7110183, 7117407, 7106594, 5119855, 6545765, 7117392, 7106595, 7110179, 5119907, 6545766]
[7111013, 7117394, 7107475, 5125974, 6546004, 7117393, 7107476, 7111057, 5101752, 6546005]
[7111013, 7117394, 7107475, 5069062, 6546004, 7117393, 7107476, 7111057, 5048141, 6546005]
[7111985, 7117406, 7108461, 5048743, 6546420, 7117402, 7108462, 7112012, 5135616, 6546421]
[7112774, 7117403, 7109291, 5049236, 6546678, 7117396, 7109292, 7112778, 5060143, 6546679]
[7111309, 7117397, 7107667, 5120836, 6546080, 7117404, 7107668, 7111324, 5121122, 6546081]
[7111532, 7117390, 7107923, 5132840, 6546250, 7117398, 7107924, 7111502, 5120711, 6546251]
[7111013, 7117394, 7107475, 5048248, 6546004, 7117393, 7107476, 7111057, 5121336, 6546005]
[7111013, 7117394, 7107475, 5048788, 6546004, 7117393, 7107476, 7111057, 5125739, 6546005]
[7111985, 7117406, 7108461, 5048433, 6546420, 7117402, 7108462, 7112012, 5101747, 6546421]
[7111532, 7117390, 7107923, 5046338, 6546250, 7117398, 7107924, 7111502, 5132899, 6546251]
[7111532, 7117390, 7107923, 5069043, 6546250, 7117398, 7107924, 7111502, 5120711, 6546251]
[7111985, 7117406, 7108461, 5136533, 6546420, 7117402, 7108462, 7112012, 5060191, 6546421]
[7112774, 7117403, 7109291, 5143004, 6546678, 7117396, 7109292, 7112778, 5141090, 6546679]
[7110419, 7117389, 7106949, 5121031, 6545859, 7117388, 7106950, 7110463, 5060209, 6545860]
[7110419, 7117389, 7106949, 5123062, 6545859, 7117388, 7106950, 7110463, 5120057, 6545860]
[7111532, 7117390, 7107923, 5046338, 6546250, 7117398, 7107924, 7111502, 5101753, 6546251]
[7111985, 7117406, 7108461, 5069042, 6546420, 7117402, 7108462, 7112012, 5136406, 6546421]
[7112774, 7117403, 7109291, 5142855, 6546678, 7117396, 7109292, 7112778, 5136834, 6546679]
[7110216, 7117387, 7106593, 5046687, 6545764, 7117392, 7106595, 7110179, 5069048, 6545766]
[7110183, 7117407, 7106594, 5120044, 6545765, 7117392, 7106595, 7110179, 5101750, 6545766]
[7111985, 7117406, 7108461, 5120427, 6546420, 7117402, 7108462, 7112012, 5101747, 6546421]
[7112774, 7117403, 7109291, 5046353, 6546678, 7117396, 7109292, 7112778, 5142845, 6546679]
[7111532, 7117390, 7107923, 5132689, 6546250, 7117398, 7107924, 7111502, 5126488, 6546251]
[7112774, 7117403, 7109291, 5046353, 6546678, 7117396, 7109292, 7112778, 5060143, 6546679]
[7110216, 7117387, 7106593, 5060142, 6545764, 7117392, 7106595, 7110179, 5101750, 6545766]
[7110183, 7117407, 7106594, 5046491, 6545765, 7117392, 7106595, 7110179, 5060269, 6545766]
[7110419, 7117389, 7106949, 5123062, 6545859, 7117388, 7106950, 7110463, 5121233, 6545860]
[7110183, 7117407, 7106594, 5119855, 6545765, 7117392, 7106595, 7110179, 5101750, 6545766]
[7110216, 7117387, 7106593, 5120104, 6545764, 7117392, 7106595, 7110179, 5048859, 6545766]
[7111532, 7117390, 7107923, 5131744, 6546250, 7117398, 7107924, 7111502, 5132899, 6546251]
[7110419, 7117389, 7106949, 5120757, 6545859, 7117388, 7106950, 7110463, 5060209, 6545860]
[7111532, 7117390, 7107923, 5069043, 6546250, 7117398, 7107924, 7111502, 5132841, 6546251]
[7110419, 7117389, 7106949, 5041045, 6545859, 7117388, 7106950, 7110463, 5123213, 6545860]
[7111532, 7117390, 7107923, 5060309, 6546250, 7117398, 7107924, 7111502, 5101753, 6546251]
[7112774, 7117403, 7109291, 5140810, 6546678, 7117396, 7109292, 7112778, 5120594, 6546679]
[7111013, 7117394, 7107475, 5120673, 6546004, 7117393, 7107476, 7111057, 5048741, 6546005]
[7111532, 7117390, 7107923, 5046338, 6546250, 7117398, 7107924, 7111502, 5049423, 6546251]
[7110183, 7117407, 7106594, 5041035, 6545765, 7117392, 7106595, 7110179, 5060269, 6545766]
[7110183, 7117407, 7106594, 5060298, 6545765, 7117392, 7106595, 7110179, 5119862, 6545766]
[7112774, 7117403, 7109291, 5140810, 6546678, 7117396, 7109292, 7112778, 5143011, 6546679]
[7111309, 7117397, 7107667, 5069049, 6546080, 7117404, 7107668, 7111324, 5120378, 6546081]
[7110419, 7117389, 7106949, 5069044, 6545859, 7117388, 7106950, 7110463, 5120826, 6545860]
[7110419, 7117389, 7106949, 5060258, 6545859, 7117388, 7106950, 7110463, 5041667, 6545860]
[7111013, 7117394, 7107475, 5117067, 6546004, 7117393, 7107476, 7111057, 5121336, 6546005]
[7111013, 7117394, 7107475, 5120673, 6546004, 7117393, 7107476, 7111057, 5121336, 6546005]
[7111309, 7117397, 7107667, 5048324, 6546080, 7117404, 7107668, 7111324, 5120378, 6546081]
[7111532, 7117390, 7107923, 5120715, 6546250, 7117398, 7107924, 7111502, 5049423, 6546251]
[7110216, 7117387, 7106593, 5046687, 6545764, 7117407, 7106594, 7110183, 5119432, 6545765]
[7111985, 7117406, 7108461, 5136533, 6546420, 7117402, 7108462, 7112012, 5137516, 6546421]
[7110419, 7117389, 7106949, 5041045, 6545859, 7117388, 7106950, 7110463, 5120057, 6545860]
[7112774, 7117403, 7109291, 5117065, 6546678, 7117396, 7109292, 7112778, 5046666, 6546679]
[7111309, 7117397, 7107667, 5117061, 6546080, 7117404, 7107668, 7111324, 5128511, 6546081]
[7111985, 7117406, 7108461, 5136933, 6546420, 7117402, 7108462, 7112012, 5120805, 6546421]
[7110183, 7117407, 7106594, 5047980, 6545765, 7117392, 7106595, 7110179, 5101750, 6545766]
[7110419, 7117389, 7106949, 5049291, 6545859, 7117388, 7106950, 7110463, 5123213, 6545860]
[7111532, 7117390, 7107923, 5060309, 6546250, 7117398, 7107924, 7111502, 5126488, 6546251]
[7110419, 7117389, 7106949, 5069044, 6545859, 7117388, 7106950, 7110463, 5041667, 6545860]
[7111532, 7117390, 7107923, 5117063, 6546250, 7117398, 7107924, 7111502, 5047846, 6546251]
[7110216, 7117387, 7106593, 5119858, 6545764, 7117407, 7106594, 7110183, 5120044, 6545765]
[7110216, 7117387, 7106593, 5060142, 6545764, 7117407, 7106594, 7110183, 5120044, 6545765]
[7110216, 7117387, 7106593, 5048173, 6545764, 7117392, 7106595, 7110179, 5119907, 6545766]
[7111985, 7117406, 7108461, 5135637, 6546420, 7117402, 7108462, 7112012, 5047857, 6546421]
[7110419, 7117389, 7106949, 5049291, 6545859, 7117388, 7106950, 7110463, 5060209, 6545860]
[7111013, 7117394, 7107475, 5126276, 6546004, 7117393, 7107476, 7111057, 5120682, 6546005]
[7110183, 7117407, 7106594, 5117059, 6545765, 7117392, 7106595, 7110179, 5118909, 6545766]
[7112774, 7117403, 7109291, 5137038, 6546678, 7117396, 7109292, 7112778, 5046666, 6546679]
[7112774, 7117403, 7109291, 5117065, 6546678, 7117396, 7109292, 7112778, 5136834, 6546679]
[7111985, 7117406, 7108461, 5117066, 6546420, 7117402, 7108462, 7112012, 5047857, 6546421]
[7110419, 7117389, 7106949, 5046087, 6545859, 7117388, 7106950, 7110463, 5060209, 6545860]
[7111985, 7117406, 7108461, 5048743, 6546420, 7117402, 7108462, 7112012, 5137516, 6546421]
[7111532, 7117390, 7107923, 5049005, 6546250, 7117398, 7107924, 7111502, 5132841, 6546251]
[7110419, 7117389, 7106949, 5121031, 6545859, 7117388, 7106950, 7110463, 5048035, 6545860]
[7112774, 7117403, 7109291, 5143004, 6546678, 7117396, 7109292, 7112778, 5069041, 6546679]
[7110419, 7117389, 7106949, 5120066, 6545859, 7117388, 7106950, 7110463, 5101745, 6545860]
[7111309, 7117397, 7107667, 5125863, 6546080, 7117404, 7107668, 7111324, 5047671, 6546081]
[7110216, 7117387, 7106593, 5118901, 6545764, 7117407, 7106594, 7110183, 5047980, 6545765]
[7110216, 7117387, 7106593, 5069055, 6545764, 7117392, 7106595, 7110179, 5119439, 6545766]
[7110216, 7117387, 7106593, 5040384, 6545764, 7117407, 7106594, 7110183, 5120044, 6545765]
[7111013, 7117394, 7107475, 5046101, 6546004, 7117393, 7107476, 7111057, 5060276, 6546005]
[7110216, 7117387, 7106593, 5119438, 6545764, 7117407, 7106594, 7110183, 5069060, 6545765]
[7110216, 7117387, 7106593, 5069055, 6545764, 7117392, 7106595, 7110179, 5119907, 6545766]
[7110183, 7117407, 7106594, 5046491, 6545765, 7117392, 7106595, 7110179, 5048859, 6545766]
[7111013, 7117394, 7107475, 5048788, 6546004, 7117393, 7107476, 7111057, 5128257, 6546005]
[7111309, 7117397, 7107667, 5117061, 6546080, 7117404, 7107668, 7111324, 5126466, 6546081]
[7110216, 7117387, 7106593, 5046687, 6545764, 7117392, 7106595, 7110179, 5119862, 6545766]
[7110216, 7117387, 7106593, 5046687, 6545764, 7117407, 7106594, 7110183, 5060298, 6545765]
[7111532, 7117390, 7107923, 5069043, 6546250, 7117398, 7107924, 7111502, 5132899, 6546251]
[7111309, 7117397, 7107667, 5125863, 6546080, 7117404, 7107668, 7111324, 5101749, 6546081]
[7111309, 7117397, 7107667, 5060306, 6546080, 7117404, 7107668, 7111324, 5126466, 6546081]
[7110183, 7117407, 7106594, 5120044, 6545765, 7117392, 7106595, 7110179, 5048027, 6545766]
[7111309, 7117397, 7107667, 5121199, 6546080, 7117404, 7107668, 7111324, 5101749, 6546081]
[7112774, 7117403, 7109291, 5049236, 6546678, 7117396, 7109292, 7112778, 5136834, 6546679]
[7110183, 7117407, 7106594, 5120044, 6545765, 7117392, 7106595, 7110179, 5048859, 6545766]
[7111013, 7117394, 7107475, 5121164, 6546004, 7117393, 7107476, 7111057, 5048741, 6546005]
[7110216, 7117387, 7106593, 5119438, 6545764, 7117407, 7106594, 7110183, 5041035, 6545765]
[7111532, 7117390, 7107923, 5132689, 6546250, 7117398, 7107924, 7111502, 5132841, 6546251]
[7111013, 7117394, 7107475, 5125974, 6546004, 7117393, 7107476, 7111057, 5120682, 6546005]
[7110419, 7117389, 7106949, 5046087, 6545859, 7117388, 7106950, 7110463, 5120057, 6545860]
[7112774, 7117403, 7109291, 5069045, 6546678, 7117396, 7109292, 7112778, 5060143, 6546679]
[7111985, 7117406, 7108461, 5117066, 6546420, 7117402, 7108462, 7112012, 5069061, 6546421]
[7110419, 7117389, 7106949, 5120757, 6545859, 7117388, 7106950, 7110463, 5046750, 6545860]
[7112774, 7117403, 7109291, 5143004, 6546678, 7117396, 7109292, 7112778, 5136834, 6546679]
[7110419, 7117389, 7106949, 5069044, 6545859, 7117388, 7106950, 7110463, 5049141, 6545860]
[7111309, 7117397, 7107667, 5120836, 6546080, 7117404, 7107668, 7111324, 5060252, 6546081]
[7110183, 7117407, 7106594, 5117059, 6545765, 7117392, 7106595, 7110179, 5048027, 6545766]
[7111532, 7117390, 7107923, 5048326, 6546250, 7117398, 7107924, 7111502, 5132899, 6546251]
[7110216, 7117387, 7106593, 5048768, 6545764, 7117392, 7106595, 7110179, 5119862, 6545766]
[7110216, 7117387, 7106593, 5118901, 6545764, 7117392, 7106595, 7110179, 5069048, 6545766]
[7111309, 7117397, 7107667, 5060306, 6546080, 7117404, 7107668, 7111324, 5049446, 6546081]
[7111985, 7117406, 7108461, 5135637, 6546420, 7117402, 7108462, 7112012, 5136406, 6546421]
[7110216, 7117387, 7106593, 5046687, 6545764, 7117407, 7106594, 7110183, 5117059, 6545765]
[7111013, 7117394, 7107475, 5125974, 6546004, 7117393, 7107476, 7111057, 5046031, 6546005]
[7110216, 7117387, 7106593, 5120259, 6545764, 7117392, 7106595, 7110179, 5119907, 6545766]
[7110216, 7117387, 7106593, 5046687, 6545764, 7117392, 7106595, 7110179, 5040963, 6545766]
[7110419, 7117389, 7106949, 5047953, 6545859, 7117388, 7106950, 7110463, 5123213, 6545860]
[7110183, 7117407, 7106594, 5041035, 6545765, 7117392, 7106595, 7110179, 5069048, 6545766]
[7111309, 7117397, 7107667, 5126819, 6546080, 7117404, 7107668, 7111324, 5101749, 6546081]
[7111309, 7117397, 7107667, 5126819, 6546080, 7117404, 7107668, 7111324, 5128511, 6546081]
[7110216, 7117387, 7106593, 5046687, 6545764, 7117407, 7106594, 7110183, 5047980, 6545765]
[7110183, 7117407, 7106594, 5119855, 6545765, 7117392, 7106595, 7110179, 5048859, 6545766]
[7111309, 7117397, 7107667, 5048324, 6546080, 7117404, 7107668, 7111324, 5046097, 6546081]
[7112774, 7117403, 7109291, 5060253, 6546678, 7117396, 7109292, 7112778, 5136834, 6546679]
[7110419, 7117389, 7106949, 5060258, 6545859, 7117388, 7106950, 7110463, 5120057, 6545860]
[7111532, 7117390, 7107923, 5060309, 6546250, 7117398, 7107924, 7111502, 5049423, 6546251]
[7110216, 7117387, 7106593, 5048173, 6545764, 7117392, 7106595, 7110179, 5069048, 6545766]
[7110419, 7117389, 7106949, 5117068, 6545859, 7117388, 7106950, 7110463, 5120057, 6545860]
[7110183, 7117407, 7106594, 5119432, 6545765, 7117392, 7106595, 7110179, 5069048, 6545766]
[7111532, 7117390, 7107923, 5120715, 6546250, 7117398, 7107924, 7111502, 5131662, 6546251]
[7111309, 7117397, 7107667, 5048771, 6546080, 7117404, 7107668, 7111324, 5126466, 6546081]
[7111309, 7117397, 7107667, 5069049, 6546080, 7117404, 7107668, 7111324, 5126466, 6546081]
[7111985, 7117406, 7108461, 5117066, 6546420, 7117402, 7108462, 7112012, 5060191, 6546421]
[7110216, 7117387, 7106593, 5118901, 6545764, 7117392, 7106595, 7110179, 5048859, 6545766]
[7110419, 7117389, 7106949, 5117068, 6545859, 7117388, 7106950, 7110463, 5121233, 6545860]
[7111309, 7117397, 7107667, 5060306, 6546080, 7117404, 7107668, 7111324, 5128511, 6546081]
[7110419, 7117389, 7106949, 5120066, 6545859, 7117388, 7106950, 7110463, 5120826, 6545860]
[7112774, 7117403, 7109291, 5137038, 6546678, 7117396, 7109292, 7112778, 5049000, 6546679]
[7111985, 7117406, 7108461, 5046050, 6546420, 7117402, 7108462, 7112012, 5048838, 6546421]
[7111013, 7117394, 7107475, 5121164, 6546004, 7117393, 7107476, 7111057, 5069053, 6546005]
[7110183, 7117407, 7106594, 5048845, 6545765, 7117392, 7106595, 7110179, 5046496, 6545766]
[7110216, 7117387, 7106593, 5118901, 6545764, 7117407, 7106594, 7110183, 5119432, 6545765]
[7111013, 7117394, 7107475, 5121164, 6546004, 7117393, 7107476, 7111057, 5048141, 6546005]
[7111013, 7117394, 7107475, 5121164, 6546004, 7117393, 7107476, 7111057, 5126821, 6546005]
[7111532, 7117390, 7107923, 5132840, 6546250, 7117398, 7107924, 7111502, 5101753, 6546251]
[7111532, 7117390, 7107923, 5120715, 6546250, 7117398, 7107924, 7111502, 5132841, 6546251]
[7110183, 7117407, 7106594, 5119855, 6545765, 7117392, 7106595, 7110179, 5060269, 6545766]
[7111985, 7117406, 7108461, 5117066, 6546420, 7117402, 7108462, 7112012, 5120805, 6546421]
[7111985, 7117406, 7108461, 5048743, 6546420, 7117402, 7108462, 7112012, 5069061, 6546421]
[7111985, 7117406, 7108461, 5048433, 6546420, 7117402, 7108462, 7112012, 5048838, 6546421]
[7112774, 7117403, 7109291, 5137038, 6546678, 7117396, 7109292, 7112778, 5120594, 6546679]
[7111309, 7117397, 7107667, 5048324, 6546080, 7117404, 7107668, 7111324, 5060252, 6546081]
[7112774, 7117403, 7109291, 5048310, 6546678, 7117396, 7109292, 7112778, 5101746, 6546679]
[7111013, 7117394, 7107475, 5117067, 6546004, 7117393, 7107476, 7111057, 5128257, 6546005]
[7110419, 7117389, 7106949, 5060258, 6545859, 7117388, 7106950, 7110463, 5069052, 6545860]
[7111985, 7117406, 7108461, 5048433, 6546420, 7117402, 7108462, 7112012, 5135616, 6546421]
[7110183, 7117407, 7106594, 5117059, 6545765, 7117392, 7106595, 7110179, 5048859, 6545766]
[7111309, 7117397, 7107667, 5120836, 6546080, 7117404, 7107668, 7111324, 5101749, 6546081]
[7110216, 7117387, 7106593, 5069055, 6545764, 7117407, 7106594, 7110183, 5117059, 6545765]
[7110216, 7117387, 7106593, 5069055, 6545764, 7117392, 7106595, 7110179, 5048859, 6545766]
[7111532, 7117390, 7107923, 5069043, 6546250, 7117398, 7107924, 7111502, 5126488, 6546251]
[7111985, 7117406, 7108461, 5060251, 6546420, 7117402, 7108462, 7112012, 5047857, 6546421]
[7112774, 7117403, 7109291, 5046353, 6546678, 7117396, 7109292, 7112778, 5069041, 6546679]
[7110216, 7117387, 7106593, 5046687, 6545764, 7117392, 7106595, 7110179, 5060269, 6545766]
[7110216, 7117387, 7106593, 5040384, 6545764, 7117392, 7106595, 7110179, 5046496, 6545766]
[7110216, 7117387, 7106593, 5048173, 6545764, 7117392, 7106595, 7110179, 5040963, 6545766]
[7110183, 7117407, 7106594, 5119432, 6545765, 7117392, 7106595, 7110179, 5048027, 6545766]
[7112774, 7117403, 7109291, 5060253, 6546678, 7117396, 7109292, 7112778, 5120594, 6546679]
[7110216, 7117387, 7106593, 5069055, 6545764, 7117407, 7106594, 7110183, 5118891, 6545765]
[7111309, 7117397, 7107667, 5128629, 6546080, 7117404, 7107668, 7111324, 5049446, 6546081]
[7110216, 7117387, 7106593, 5048768, 6545764, 7117392, 7106595, 7110179, 5118909, 6545766]
[7111985, 7117406, 7108461, 5137508, 6546420, 7117402, 7108462, 7112012, 5048838, 6546421]
[7111013, 7117394, 7107475, 5048788, 6546004, 7117393, 7107476, 7111057, 5120682, 6546005]
[7110216, 7117387, 7106593, 5060142, 6545764, 7117392, 7106595, 7110179, 5069048, 6545766]
[7110216, 7117387, 7106593, 5119438, 6545764, 7117407, 7106594, 7110183, 5047980, 6545765]
[7110216, 7117387, 7106593, 5118901, 6545764, 7117392, 7106595, 7110179, 5040963, 6545766]
[7111309, 7117397, 7107667, 5125863, 6546080, 7117404, 7107668, 7111324, 5069059, 6546081]
[7110419, 7117389, 7106949, 5049291, 6545859, 7117388, 7106950, 7110463, 5041667, 6545860]
[7111532, 7117390, 7107923, 5048326, 6546250, 7117398, 7107924, 7111502, 5132841, 6546251]
[7110419, 7117389, 7106949, 5121031, 6545859, 7117388, 7106950, 7110463, 5120057, 6545860]
[7111985, 7117406, 7108461, 5136933, 6546420, 7117402, 7108462, 7112012, 5137516, 6546421]
[7110216, 7117387, 7106593, 5048768, 6545764, 7117392, 7106595, 7110179, 5046496, 6545766]
[7111985, 7117406, 7108461, 5069042, 6546420, 7117402, 7108462, 7112012, 5047857, 6546421]
[7110183, 7117407, 7106594, 5060298, 6545765, 7117392, 7106595, 7110179, 5046496, 6545766]
[7111985, 7117406, 7108461, 5137508, 6546420, 7117402, 7108462, 7112012, 5060191, 6546421]
[7111013, 7117394, 7107475, 5128256, 6546004, 7117393, 7107476, 7111057, 5120682, 6546005]
[7112774, 7117403, 7109291, 5046353, 6546678, 7117396, 7109292, 7112778, 5047921, 6546679]
[7111309, 7117397, 7107667, 5120836, 6546080, 7117404, 7107668, 7111324, 5049446, 6546081]
[7110216, 7117387, 7106593, 5120259, 6545764, 7117392, 7106595, 7110179, 5060269, 6545766]
[7111309, 7117397, 7107667, 5125863, 6546080, 7117404, 7107668, 7111324, 5049446, 6546081]
[7111013, 7117394, 7107475, 5117067, 6546004, 7117393, 7107476, 7111057, 5126821, 6546005]
[7110216, 7117387, 7106593, 5119858, 6545764, 7117407, 7106594, 7110183, 5047980, 6545765]
[7110419, 7117389, 7106949, 5047953, 6545859, 7117388, 7106950, 7110463, 5120826, 6545860]
[7112774, 7117403, 7109291, 5069045, 6546678, 7117396, 7109292, 7112778, 5142845, 6546679]
[7112774, 7117403, 7109291, 5060253, 6546678, 7117396, 7109292, 7112778, 5141090, 6546679]
[7111309, 7117397, 7107667, 5060306, 6546080, 7117404, 7107668, 7111324, 5046097, 6546081]
[7111013, 7117394, 7107475, 5048248, 6546004, 7117393, 7107476, 7111057, 5120682, 6546005]
[7111532, 7117390, 7107923, 5117063, 6546250, 7117398, 7107924, 7111502, 5126488, 6546251]
[7110183, 7117407, 7106594, 5117059, 6545765, 7117392, 7106595, 7110179, 5060269, 6545766]
[7110419, 7117389, 7106949, 5123062, 6545859, 7117388, 7106950, 7110463, 5046750, 6545860]
[7110419, 7117389, 7106949, 5121031, 6545859, 7117388, 7106950, 7110463, 5046750, 6545860]
[7112774, 7117403, 7109291, 5046353, 6546678, 7117396, 7109292, 7112778, 5049000, 6546679]
[7112774, 7117403, 7109291, 5120525, 6546678, 7117396, 7109292, 7112778, 5069041, 6546679]
[7110419, 7117389, 7106949, 5117068, 6545859, 7117388, 7106950, 7110463, 5046750, 6545860]
[7111013, 7117394, 7107475, 5069062, 6546004, 7117393, 7107476, 7111057, 5046031, 6546005]
[7112774, 7117403, 7109291, 5060253, 6546678, 7117396, 7109292, 7112778, 5049000, 6546679]
[7112774, 7117403, 7109291, 5142855, 6546678, 7117396, 7109292, 7112778, 5143011, 6546679]
[7110183, 7117407, 7106594, 5046491, 6545765, 7117392, 7106595, 7110179, 5119907, 6545766]
[7111532, 7117390, 7107923, 5131744, 6546250, 7117398, 7107924, 7111502, 5047846, 6546251]
[7110216, 7117387, 7106593, 5118901, 6545764, 7117392, 7106595, 7110179, 5119862, 6545766]
[7111532, 7117390, 7107923, 5049005, 6546250, 7117398, 7107924, 7111502, 5126488, 6546251]
[7110419, 7117389, 7106949, 5123062, 6545859, 7117388, 7106950, 7110463, 5048035, 6545860]
[7110183, 7117407, 7106594, 5069060, 6545765, 7117392, 7106595, 7110179, 5119862, 6545766]
[7112774, 7117403, 7109291, 5120525, 6546678, 7117396, 7109292, 7112778, 5101746, 6546679]
[7111985, 7117406, 7108461, 5046050, 6546420, 7117402, 7108462, 7112012, 5136646, 6546421]
[7110216, 7117387, 7106593, 5046687, 6545764, 7117392, 7106595, 7110179, 5119439, 6545766]
[7111013, 7117394, 7107475, 5060244, 6546004, 7117393, 7107476, 7111057, 5069053, 6546005]
[7111532, 7117390, 7107923, 5120715, 6546250, 7117398, 7107924, 7111502, 5126488, 6546251]
[7111532, 7117390, 7107923, 5126596, 6546250, 7117398, 7107924, 7111502, 5132899, 6546251]
[7111013, 7117394, 7107475, 5069062, 6546004, 7117393, 7107476, 7111057, 5048741, 6546005]
[7112774, 7117403, 7109291, 5137038, 6546678, 7117396, 7109292, 7112778, 5142845, 6546679]
[7110183, 7117407, 7106594, 5118891, 6545765, 7117392, 7106595, 7110179, 5069048, 6545766]
[7110216, 7117387, 7106593, 5118901, 6545764, 7117392, 7106595, 7110179, 5046496, 6545766]
[7111309, 7117397, 7107667, 5046723, 6546080, 7117404, 7107668, 7111324, 5101749, 6546081]
[7110216, 7117387, 7106593, 5048768, 6545764, 7117407, 7106594, 7110183, 5119432, 6545765]
[7111013, 7117394, 7107475, 5048248, 6546004, 7117393, 7107476, 7111057, 5101752, 6546005]
[7111985, 7117406, 7108461, 5135637, 6546420, 7117402, 7108462, 7112012, 5136646, 6546421]
[7110216, 7117387, 7106593, 5120104, 6545764, 7117392, 7106595, 7110179, 5040963, 6545766]
[7111309, 7117397, 7107667, 5060306, 6546080, 7117404, 7107668, 7111324, 5121122, 6546081]
[7111532, 7117390, 7107923, 5049005, 6546250, 7117398, 7107924, 7111502, 5069039, 6546251]
[7111309, 7117397, 7107667, 5048324, 6546080, 7117404, 7107668, 7111324, 5101749, 6546081]
[7110216, 7117387, 7106593, 5118901, 6545764, 7117407, 7106594, 7110183, 5046491, 6545765]
[7110216, 7117387, 7106593, 5119438, 6545764, 7117407, 7106594, 7110183, 5118891, 6545765]
[7111309, 7117397, 7107667, 5120836, 6546080, 7117404, 7107668, 7111324, 5046097, 6546081]
[7111013, 7117394, 7107475, 5046101, 6546004, 7117393, 7107476, 7111057, 5125739, 6546005]
[7110419, 7117389, 7106949, 5047953, 6545859, 7117388, 7106950, 7110463, 5121233, 6545860]
[7110216, 7117387, 7106593, 5119438, 6545764, 7117407, 7106594, 7110183, 5120044, 6545765]
[7111013, 7117394, 7107475, 5117067, 6546004, 7117393, 7107476, 7111057, 5048741, 6546005]
[7111532, 7117390, 7107923, 5117063, 6546250, 7117398, 7107924, 7111502, 5101753, 6546251]
[7111985, 7117406, 7108461, 5069042, 6546420, 7117402, 7108462, 7112012, 5137516, 6546421]
[7110216, 7117387, 7106593, 5118901, 6545764, 7117407, 7106594, 7110183, 5060298, 6545765]
[7111013, 7117394, 7107475, 5120673, 6546004, 7117393, 7107476, 7111057, 5125739, 6546005]
[7111532, 7117390, 7107923, 5060309, 6546250, 7117398, 7107924, 7111502, 5069039, 6546251]
[7111309, 7117397, 7107667, 5125863, 6546080, 7117404, 7107668, 7111324, 5121122, 6546081]
[7111013, 7117394, 7107475, 5117067, 6546004, 7117393, 7107476, 7111057, 5120682, 6546005]
[7110216, 7117387, 7106593, 5040384, 6545764, 7117392, 7106595, 7110179, 5069048, 6545766]
[7111532, 7117390, 7107923, 5120715, 6546250, 7117398, 7107924, 7111502, 5069039, 6546251]
[7111532, 7117390, 7107923, 5060309, 6546250, 7117398, 7107924, 7111502, 5132899, 6546251]
[7111309, 7117397, 7107667, 5048771, 6546080, 7117404, 7107668, 7111324, 5060252, 6546081]
[7111985, 7117406, 7108461, 5137508, 6546420, 7117402, 7108462, 7112012, 5136406, 6546421]
[7111532, 7117390, 7107923, 5120715, 6546250, 7117398, 7107924, 7111502, 5060205, 6546251]
[7112774, 7117403, 7109291, 5143004, 6546678, 7117396, 7109292, 7112778, 5120594, 6546679]
[7111013, 7117394, 7107475, 5126276, 6546004, 7117393, 7107476, 7111057, 5125739, 6546005]
[7110216, 7117387, 7106593, 5069055, 6545764, 7117407, 7106594, 7110183, 5119855, 6545765]
[7110419, 7117389, 7106949, 5069044, 6545859, 7117388, 7106950, 7110463, 5101745, 6545860]
[7112774, 7117403, 7109291, 5140810, 6546678, 7117396, 7109292, 7112778, 5069041, 6546679]
[7110216, 7117387, 7106593, 5119438, 6545764, 7117392, 7106595, 7110179, 5119862, 6545766]
[7110216, 7117387, 7106593, 5120259, 6545764, 7117392, 7106595, 7110179, 5119439, 6545766]
[7110216, 7117387, 7106593, 5069055, 6545764, 7117407, 7106594, 7110183, 5119432, 6545765]
[7111985, 7117406, 7108461, 5137508, 6546420, 7117402, 7108462, 7112012, 5047857, 6546421]
[7110216, 7117387, 7106593, 5118901, 6545764, 7117407, 7106594, 7110183, 5117059, 6545765]
[7110183, 7117407, 7106594, 5048845, 6545765, 7117392, 7106595, 7110179, 5060269, 6545766]
[7111532, 7117390, 7107923, 5117063, 6546250, 7117398, 7107924, 7111502, 5069039, 6546251]
[7110183, 7117407, 7106594, 5118891, 6545765, 7117392, 7106595, 7110179, 5048859, 6545766]
[7111985, 7117406, 7108461, 5069042, 6546420, 7117402, 7108462, 7112012, 5101747, 6546421]
[7110183, 7117407, 7106594, 5118891, 6545765, 7117392, 7106595, 7110179, 5040963, 6545766]
[7110216, 7117387, 7106593, 5069055, 6545764, 7117407, 7106594, 7110183, 5120044, 6545765]
[7111985, 7117406, 7108461, 5136933, 6546420, 7117402, 7108462, 7112012, 5047857, 6546421]
[7111532, 7117390, 7107923, 5048326, 6546250, 7117398, 7107924, 7111502, 5120711, 6546251]
[7111013, 7117394, 7107475, 5117067, 6546004, 7117393, 7107476, 7111057, 5069053, 6546005]
[7112774, 7117403, 7109291, 5049236, 6546678, 7117396, 7109292, 7112778, 5143011, 6546679]
[7112774, 7117403, 7109291, 5140810, 6546678, 7117396, 7109292, 7112778, 5101746, 6546679]
[7111013, 7117394, 7107475, 5046101, 6546004, 7117393, 7107476, 7111057, 5069053, 6546005]
[7112774, 7117403, 7109291, 5060253, 6546678, 7117396, 7109292, 7112778, 5142845, 6546679]
[7110216, 7117387, 7106593, 5119858, 6545764, 7117407, 7106594, 7110183, 5118891, 6545765]
[7110216, 7117387, 7106593, 5119438, 6545764, 7117392, 7106595, 7110179, 5048859, 6545766]
[7110216, 7117387, 7106593, 5046687, 6545764, 7117392, 7106595, 7110179, 5118909, 6545766]
[7110419, 7117389, 7106949, 5060258, 6545859, 7117388, 7106950, 7110463, 5120826, 6545860]
[7111985, 7117406, 7108461, 5136533, 6546420, 7117402, 7108462, 7112012, 5120805, 6546421]
[7111532, 7117390, 7107923, 5120715, 6546250, 7117398, 7107924, 7111502, 5101753, 6546251]
[7111309, 7117397, 7107667, 5126819, 6546080, 7117404, 7107668, 7111324, 5121122, 6546081]
[7110183, 7117407, 7106594, 5119855, 6545765, 7117392, 7106595, 7110179, 5069048, 6545766]
[7111532, 7117390, 7107923, 5131744, 6546250, 7117398, 7107924, 7111502, 5060205, 6546251]
[7112774, 7117403, 7109291, 5137038, 6546678, 7117396, 7109292, 7112778, 5143011, 6546679]
[7110216, 7117387, 7106593, 5040384, 6545764, 7117392, 7106595, 7110179, 5048859, 6545766]
[7111532, 7117390, 7107923, 5069043, 6546250, 7117398, 7107924, 7111502, 5131662, 6546251]
[7110216, 7117387, 7106593, 5048173, 6545764, 7117407, 7106594, 7110183, 5069060, 6545765]
[7111985, 7117406, 7108461, 5046050, 6546420, 7117402, 7108462, 7112012, 5047857, 6546421]
[7110419, 7117389, 7106949, 5120757, 6545859, 7117388, 7106950, 7110463, 5123213, 6545860]
[7112774, 7117403, 7109291, 5143004, 6546678, 7117396, 7109292, 7112778, 5049000, 6546679]
[7111309, 7117397, 7107667, 5048324, 6546080, 7117404, 7107668, 7111324, 5125754, 6546081]
[7110419, 7117389, 7106949, 5120757, 6545859, 7117388, 7106950, 7110463, 5041667, 6545860]
[7110183, 7117407, 7106594, 5046491, 6545765, 7117392, 7106595, 7110179, 5048027, 6545766]
[7111532, 7117390, 7107923, 5069043, 6546250, 7117398, 7107924, 7111502, 5060205, 6546251]
[7111309, 7117397, 7107667, 5128629, 6546080, 7117404, 7107668, 7111324, 5121122, 6546081]
[7111985, 7117406, 7108461, 5060251, 6546420, 7117402, 7108462, 7112012, 5135616, 6546421]
[7110419, 7117389, 7106949, 5041045, 6545859, 7117388, 7106950, 7110463, 5069052, 6545860]
[7110183, 7117407, 7106594, 5048845, 6545765, 7117392, 7106595, 7110179, 5040963, 6545766]
[7110183, 7117407, 7106594, 5046491, 6545765, 7117392, 7106595, 7110179, 5119862, 6545766]
[7111985, 7117406, 7108461, 5060251, 6546420, 7117402, 7108462, 7112012, 5101747, 6546421]
[7112774, 7117403, 7109291, 5046353, 6546678, 7117396, 7109292, 7112778, 5141090, 6546679]
[7111013, 7117394, 7107475, 5120673, 6546004, 7117393, 7107476, 7111057, 5060276, 6546005]
[7110216, 7117387, 7106593, 5120259, 6545764, 7117392, 7106595, 7110179, 5118909, 6545766]
[7110216, 7117387, 7106593, 5048173, 6545764, 7117407, 7106594, 7110183, 5041035, 6545765]
[7111013, 7117394, 7107475, 5117067, 6546004, 7117393, 7107476, 7111057, 5125739, 6546005]
[7111985, 7117406, 7108461, 5137508, 6546420, 7117402, 7108462, 7112012, 5101747, 6546421]
[7110216, 7117387, 7106593, 5120104, 6545764, 7117392, 7106595, 7110179, 5101750, 6545766]
[7111013, 7117394, 7107475, 5069062, 6546004, 7117393, 7107476, 7111057, 5125739, 6546005]
[7110216, 7117387, 7106593, 5069055, 6545764, 7117392, 7106595, 7110179, 5060269, 6545766]
[7111013, 7117394, 7107475, 5121164, 6546004, 7117393, 7107476, 7111057, 5046031, 6546005]
[7111985, 7117406, 7108461, 5060251, 6546420, 7117402, 7108462, 7112012, 5136646, 6546421]
[7112774, 7117403, 7109291, 5048310, 6546678, 7117396, 7109292, 7112778, 5143011, 6546679]
[7112774, 7117403, 7109291, 5049236, 6546678, 7117396, 7109292, 7112778, 5069041, 6546679]
[7110216, 7117387, 7106593, 5120259, 6545764, 7117392, 7106595, 7110179, 5101750, 6545766]
[7111013, 7117394, 7107475, 5046101, 6546004, 7117393, 7107476, 7111057, 5101752, 6546005]
[7110216, 7117387, 7106593, 5060142, 6545764, 7117392, 7106595, 7110179, 5048859, 6545766]
[7110419, 7117389, 7106949, 5060258, 6545859, 7117388, 7106950, 7110463, 5046750, 6545860]
[7111985, 7117406, 7108461, 5069042, 6546420, 7117402, 7108462, 7112012, 5046093, 6546421]
[7112774, 7117403, 7109291, 5060253, 6546678, 7117396, 7109292, 7112778, 5046666, 6546679]
[7110183, 7117407, 7106594, 5048845, 6545765, 7117392, 7106595, 7110179, 5048027, 6545766]
[7111013, 7117394, 7107475, 5126276, 6546004, 7117393, 7107476, 7111057, 5048741, 6546005]
[7110216, 7117387, 7106593, 5120259, 6545764, 7117392, 7106595, 7110179, 5046496, 6545766]
[7111309, 7117397, 7107667, 5060306, 6546080, 7117404, 7107668, 7111324, 5125754, 6546081]
[7110216, 7117387, 7106593, 5048768, 6545764, 7117392, 7106595, 7110179, 5119907, 6545766]
[7111309, 7117397, 7107667, 5046723, 6546080, 7117404, 7107668, 7111324, 5047671, 6546081]
[7110216, 7117387, 7106593, 5069055, 6545764, 7117407, 7106594, 7110183, 5060298, 6545765]
[7110183, 7117407, 7106594, 5117059, 6545765, 7117392, 7106595, 7110179, 5069048, 6545766]
[7111013, 7117394, 7107475, 5060244, 6546004, 7117393, 7107476, 7111057, 5126821, 6546005]
[7111309, 7117397, 7107667, 5048771, 6546080, 7117404, 7107668, 7111324, 5121122, 6546081]
[7111013, 7117394, 7107475, 5069062, 6546004, 7117393, 7107476, 7111057, 5126821, 6546005]
[7110419, 7117389, 7106949, 5047953, 6545859, 7117388, 7106950, 7110463, 5046750, 6545860]
[7111309, 7117397, 7107667, 5048324, 6546080, 7117404, 7107668, 7111324, 5069059, 6546081]
[7112774, 7117403, 7109291, 5137038, 6546678, 7117396, 7109292, 7112778, 5060143, 6546679]
[7112774, 7117403, 7109291, 5137038, 6546678, 7117396, 7109292, 7112778, 5069041, 6546679]
[7110419, 7117389, 7106949, 5121031, 6545859, 7117388, 7106950, 7110463, 5120826, 6545860]
[7110183, 7117407, 7106594, 5060298, 6545765, 7117392, 7106595, 7110179, 5040963, 6545766]
[7111532, 7117390, 7107923, 5131744, 6546250, 7117398, 7107924, 7111502, 5069039, 6546251]
[7110183, 7117407, 7106594, 5118891, 6545765, 7117392, 7106595, 7110179, 5048027, 6545766]
[7110183, 7117407, 7106594, 5046491, 6545765, 7117392, 7106595, 7110179, 5069048, 6545766]
[7110216, 7117387, 7106593, 5046687, 6545764, 7117392, 7106595, 7110179, 5048027, 6545766]
[7111532, 7117390, 7107923, 5126596, 6546250, 7117398, 7107924, 7111502, 5101753, 6546251]
[7110216, 7117387, 7106593, 5040384, 6545764, 7117407, 7106594, 7110183, 5047980, 6545765]
[7110419, 7117389, 7106949, 5123062, 6545859, 7117388, 7106950, 7110463, 5120826, 6545860]
[7111013, 7117394, 7107475, 5046101, 6546004, 7117393, 7107476, 7111057, 5120682, 6546005]
[7111985, 7117406, 7108461, 5046050, 6546420, 7117402, 7108462, 7112012, 5060191, 6546421]
[7112774, 7117403, 7109291, 5142855, 6546678, 7117396, 7109292, 7112778, 5049000, 6546679]
[7111309, 7117397, 7107667, 5128629, 6546080, 7117404, 7107668, 7111324, 5069059, 6546081]
[7111985, 7117406, 7108461, 5135637, 6546420, 7117402, 7108462, 7112012, 5120805, 6546421]
[7111985, 7117406, 7108461, 5135637, 6546420, 7117402, 7108462, 7112012, 5048838, 6546421]
[7110183, 7117407, 7106594, 5118891, 6545765, 7117392, 7106595, 7110179, 5119907, 6545766]
[7111532, 7117390, 7107923, 5117063, 6546250, 7117398, 7107924, 7111502, 5120711, 6546251]
[7110419, 7117389, 7106949, 5069044, 6545859, 7117388, 7106950, 7110463, 5121233, 6545860]
[7111309, 7117397, 7107667, 5046723, 6546080, 7117404, 7107668, 7111324, 5049446, 6546081]
[7111532, 7117390, 7107923, 5132840, 6546250, 7117398, 7107924, 7111502, 5060205, 6546251]
[7111309, 7117397, 7107667, 5128629, 6546080, 7117404, 7107668, 7111324, 5125754, 6546081]
[7110216, 7117387, 7106593, 5120259, 6545764, 7117407, 7106594, 7110183, 5119432, 6545765]
[7111985, 7117406, 7108461, 5136933, 6546420, 7117402, 7108462, 7112012, 5046093, 6546421]
[7110419, 7117389, 7106949, 5049291, 6545859, 7117388, 7106950, 7110463, 5121233, 6545860]
[7110419, 7117389, 7106949, 5117068, 6545859, 7117388, 7106950, 7110463, 5041667, 6545860]
[7110419, 7117389, 7106949, 5117068, 6545859, 7117388, 7106950, 7110463, 5101745, 6545860]
[7111013, 7117394, 7107475, 5126276, 6546004, 7117393, 7107476, 7111057, 5121336, 6546005]
[7111985, 7117406, 7108461, 5135637, 6546420, 7117402, 7108462, 7112012, 5046093, 6546421]
[7110216, 7117387, 7106593, 5120104, 6545764, 7117407, 7106594, 7110183, 5118891, 6545765]
[7110183, 7117407, 7106594, 5069060, 6545765, 7117392, 7106595, 7110179, 5040963, 6545766]
[7111309, 7117397, 7107667, 5048771, 6546080, 7117404, 7107668, 7111324, 5101749, 6546081]
[7110216, 7117387, 7106593, 5060142, 6545764, 7117407, 7106594, 7110183, 5041035, 6545765]
[7111013, 7117394, 7107475, 5069062, 6546004, 7117393, 7107476, 7111057, 5101752, 6546005]
[7111309, 7117397, 7107667, 5046723, 6546080, 7117404, 7107668, 7111324, 5121122, 6546081]
[7110216, 7117387, 7106593, 5040384, 6545764, 7117392, 7106595, 7110179, 5048027, 6545766]
[7110216, 7117387, 7106593, 5048768, 6545764, 7117407, 7106594, 7110183, 5041035, 6545765]
[7110419, 7117389, 7106949, 5117068, 6545859, 7117388, 7106950, 7110463, 5069052, 6545860]
[7111532, 7117390, 7107923, 5069043, 6546250, 7117398, 7107924, 7111502, 5101753, 6546251]
[7111013, 7117394, 7107475, 5046101, 6546004, 7117393, 7107476, 7111057, 5048741, 6546005]
[7110216, 7117387, 7106593, 5119438, 6545764, 7117392, 7106595, 7110179, 5119907, 6545766]
[7111013, 7117394, 7107475, 5048248, 6546004, 7117393, 7107476, 7111057, 5046031, 6546005]
[7111309, 7117397, 7107667, 5060306, 6546080, 7117404, 7107668, 7111324, 5120378, 6546081]
[7110216, 7117387, 7106593, 5048173, 6545764, 7117392, 7106595, 7110179, 5119439, 6545766]
[7110216, 7117387, 7106593, 5069055, 6545764, 7117392, 7106595, 7110179, 5101750, 6545766]
[7112774, 7117403, 7109291, 5120525, 6546678, 7117396, 7109292, 7112778, 5047921, 6546679]
[7112774, 7117403, 7109291, 5120525, 6546678, 7117396, 7109292, 7112778, 5049000, 6546679]
[7110216, 7117387, 7106593, 5040384, 6545764, 7117392, 7106595, 7110179, 5119439, 6545766]
[7110216, 7117387, 7106593, 5048768, 6545764, 7117407, 7106594, 7110183, 5119855, 6545765]
[7110216, 7117387, 7106593, 5046687, 6545764, 7117392, 7106595, 7110179, 5119907, 6545766]
[7110216, 7117387, 7106593, 5119438, 6545764, 7117392, 7106595, 7110179, 5040963, 6545766]
[7110183, 7117407, 7106594, 5048845, 6545765, 7117392, 7106595, 7110179, 5069048, 6545766]
[7111013, 7117394, 7107475, 5048248, 6546004, 7117393, 7107476, 7111057, 5128257, 6546005]
[7110216, 7117387, 7106593, 5120104, 6545764, 7117392, 7106595, 7110179, 5048027, 6545766]
[7110183, 7117407, 7106594, 5048845, 6545765, 7117392, 7106595, 7110179, 5118909, 6545766]
[7111985, 7117406, 7108461, 5135637, 6546420, 7117402, 7108462, 7112012, 5069061, 6546421]
[7110216, 7117387, 7106593, 5120104, 6545764, 7117407, 7106594, 7110183, 5041035, 6545765]
[7111532, 7117390, 7107923, 5060309, 6546250, 7117398, 7107924, 7111502, 5046318, 6546251]
[7111309, 7117397, 7107667, 5117061, 6546080, 7117404, 7107668, 7111324, 5120378, 6546081]
[7110216, 7117387, 7106593, 5119858, 6545764, 7117407, 7106594, 7110183, 5117059, 6545765]
[7112774, 7117403, 7109291, 5049236, 6546678, 7117396, 7109292, 7112778, 5120594, 6546679]
[7110216, 7117387, 7106593, 5120259, 6545764, 7117407, 7106594, 7110183, 5120044, 6545765]
[7110419, 7117389, 7106949, 5120066, 6545859, 7117388, 7106950, 7110463, 5049141, 6545860]
[7110216, 7117387, 7106593, 5048173, 6545764, 7117392, 7106595, 7110179, 5101750, 6545766]
[7110216, 7117387, 7106593, 5118901, 6545764, 7117407, 7106594, 7110183, 5069060, 6545765]
[7111013, 7117394, 7107475, 5048788, 6546004, 7117393, 7107476, 7111057, 5048141, 6546005]
[7111532, 7117390, 7107923, 5126596, 6546250, 7117398, 7107924, 7111502, 5060205, 6546251]
[7110216, 7117387, 7106593, 5120259, 6545764, 7117407, 7106594, 7110183, 5118891, 6545765]
[7110183, 7117407, 7106594, 5047980, 6545765, 7117392, 7106595, 7110179, 5060269, 6545766]
[7111985, 7117406, 7108461, 5136933, 6546420, 7117402, 7108462, 7112012, 5135616, 6546421]
[7111532, 7117390, 7107923, 5131744, 6546250, 7117398, 7107924, 7111502, 5101753, 6546251]
[7110216, 7117387, 7106593, 5119858, 6545764, 7117392, 7106595, 7110179, 5119907, 6545766]
[7111532, 7117390, 7107923, 5049005, 6546250, 7117398, 7107924, 7111502, 5047846, 6546251]
[7111309, 7117397, 7107667, 5120836, 6546080, 7117404, 7107668, 7111324, 5047671, 6546081]
[7110183, 7117407, 7106594, 5119855, 6545765, 7117392, 7106595, 7110179, 5118909, 6545766]
[7110216, 7117387, 7106593, 5046687, 6545764, 7117392, 7106595, 7110179, 5101750, 6545766]
[7110183, 7117407, 7106594, 5120044, 6545765, 7117392, 7106595, 7110179, 5119439, 6545766]
[7110216, 7117387, 7106593, 5069055, 6545764, 7117407, 7106594, 7110183, 5041035, 6545765]
[7110419, 7117389, 7106949, 5049291, 6545859, 7117388, 7106950, 7110463, 5046750, 6545860]
[7111309, 7117397, 7107667, 5046723, 6546080, 7117404, 7107668, 7111324, 5128511, 6546081]
[7111013, 7117394, 7107475, 5048788, 6546004, 7117393, 7107476, 7111057, 5046031, 6546005]
[7111013, 7117394, 7107475, 5060244, 6546004, 7117393, 7107476, 7111057, 5121336, 6546005]
[7111532, 7117390, 7107923, 5046338, 6546250, 7117398, 7107924, 7111502, 5126488, 6546251]
[7110216, 7117387, 7106593, 5120104, 6545764, 7117407, 7106594, 7110183, 5119855, 6545765]
[7111985, 7117406, 7108461, 5048433, 6546420, 7117402, 7108462, 7112012, 5046093, 6546421]
[7110419, 7117389, 7106949, 5069044, 6545859, 7117388, 7106950, 7110463, 5048035, 6545860]
[7110216, 7117387, 7106593, 5119858, 6545764, 7117392, 7106595, 7110179, 5119439, 6545766]
[7110216, 7117387, 7106593, 5040384, 6545764, 7117392, 7106595, 7110179, 5119907, 6545766]
[7111309, 7117397, 7107667, 5048771, 6546080, 7117404, 7107668, 7111324, 5125754, 6546081]
[7110183, 7117407, 7106594, 5048845, 6545765, 7117392, 7106595, 7110179, 5119439, 6545766]
[7111309, 7117397, 7107667, 5048771, 6546080, 7117404, 7107668, 7111324, 5069059, 6546081]
[7111309, 7117397, 7107667, 5117061, 6546080, 7117404, 7107668, 7111324, 5060252, 6546081]
[7110216, 7117387, 7106593, 5060142, 6545764, 7117392, 7106595, 7110179, 5119439, 6545766]
[7111985, 7117406, 7108461, 5120427, 6546420, 7117402, 7108462, 7112012, 5136406, 6546421]
[7110183, 7117407, 7106594, 5041035, 6545765, 7117392, 7106595, 7110179, 5119862, 6545766]
[7110419, 7117389, 7106949, 5060258, 6545859, 7117388, 7106950, 7110463, 5049141, 6545860]
[7110183, 7117407, 7106594, 5041035, 6545765, 7117392, 7106595, 7110179, 5119907, 6545766]
[7111013, 7117394, 7107475, 5117067, 6546004, 7117393, 7107476, 7111057, 5101752, 6546005]
[7111532, 7117390, 7107923, 5060309, 6546250, 7117398, 7107924, 7111502, 5132841, 6546251]
[7111985, 7117406, 7108461, 5136933, 6546420, 7117402, 7108462, 7112012, 5136406, 6546421]
[7110183, 7117407, 7106594, 5047980, 6545765, 7117392, 7106595, 7110179, 5048859, 6545766]
[7111309, 7117397, 7107667, 5048771, 6546080, 7117404, 7107668, 7111324, 5046097, 6546081]
[7110216, 7117387, 7106593, 5120259, 6545764, 7117392, 7106595, 7110179, 5040963, 6545766]
[7110419, 7117389, 7106949, 5069044, 6545859, 7117388, 7106950, 7110463, 5060209, 6545860]
[7110216, 7117387, 7106593, 5048173, 6545764, 7117392, 7106595, 7110179, 5118909, 6545766]
[7111985, 7117406, 7108461, 5048433, 6546420, 7117402, 7108462, 7112012, 5136646, 6546421]
[7110216, 7117387, 7106593, 5118901, 6545764, 7117392, 7106595, 7110179, 5101750, 6545766]
[7111309, 7117397, 7107667, 5125863, 6546080, 7117404, 7107668, 7111324, 5046097, 6546081]
[7110183, 7117407, 7106594, 5041035, 6545765, 7117392, 7106595, 7110179, 5101750, 6545766]
[7110183, 7117407, 7106594, 5041035, 6545765, 7117392, 7106595, 7110179, 5048859, 6545766]
[7111532, 7117390, 7107923, 5069043, 6546250, 7117398, 7107924, 7111502, 5047846, 6546251]
[7110216, 7117387, 7106593, 5060142, 6545764, 7117392, 7106595, 7110179, 5119862, 6545766]
[7110216, 7117387, 7106593, 5040384, 6545764, 7117407, 7106594, 7110183, 5048845, 6545765]
[7111013, 7117394, 7107475, 5046101, 6546004, 7117393, 7107476, 7111057, 5121336, 6546005]
[7111985, 7117406, 7108461, 5046050, 6546420, 7117402, 7108462, 7112012, 5135616, 6546421]
[7110419, 7117389, 7106949, 5117068, 6545859, 7117388, 7106950, 7110463, 5060209, 6545860]
[7110216, 7117387, 7106593, 5048173, 6545764, 7117407, 7106594, 7110183, 5117059, 6545765]
[7111309, 7117397, 7107667, 5117061, 6546080, 7117404, 7107668, 7111324, 5121122, 6546081]
[7111532, 7117390, 7107923, 5126596, 6546250, 7117398, 7107924, 7111502, 5120711, 6546251]
[7111309, 7117397, 7107667, 5121199, 6546080, 7117404, 7107668, 7111324, 5047671, 6546081]
[7112774, 7117403, 7109291, 5120525, 6546678, 7117396, 7109292, 7112778, 5136834, 6546679]
[7110216, 7117387, 7106593, 5048768, 6545764, 7117407, 7106594, 7110183, 5117059, 6545765]
[7110216, 7117387, 7106593, 5119438, 6545764, 7117407, 7106594, 7110183, 5060298, 6545765]
[7110216, 7117387, 7106593, 5120259, 6545764, 7117392, 7106595, 7110179, 5119862, 6545766]
[7111013, 7117394, 7107475, 5120673, 6546004, 7117393, 7107476, 7111057, 5069053, 6546005]
[7110183, 7117407, 7106594, 5119432, 6545765, 7117392, 7106595, 7110179, 5118909, 6545766]
[7110419, 7117389, 7106949, 5041045, 6545859, 7117388, 7106950, 7110463, 5049141, 6545860]
[7112774, 7117403, 7109291, 5048310, 6546678, 7117396, 7109292, 7112778, 5046666, 6546679]
[7111985, 7117406, 7108461, 5060251, 6546420, 7117402, 7108462, 7112012, 5136406, 6546421]
[7111013, 7117394, 7107475, 5069062, 6546004, 7117393, 7107476, 7111057, 5128257, 6546005]
[7110419, 7117389, 7106949, 5120066, 6545859, 7117388, 7106950, 7110463, 5048035, 6545860]
[7112774, 7117403, 7109291, 5142855, 6546678, 7117396, 7109292, 7112778, 5046666, 6546679]
[7111309, 7117397, 7107667, 5128629, 6546080, 7117404, 7107668, 7111324, 5120378, 6546081]
[7111532, 7117390, 7107923, 5049005, 6546250, 7117398, 7107924, 7111502, 5132899, 6546251]
[7111985, 7117406, 7108461, 5069042, 6546420, 7117402, 7108462, 7112012, 5136646, 6546421]
[7110183, 7117407, 7106594, 5047980, 6545765, 7117392, 7106595, 7110179, 5119439, 6545766]
[7112774, 7117403, 7109291, 5049236, 6546678, 7117396, 7109292, 7112778, 5141090, 6546679]
[7110216, 7117387, 7106593, 5048768, 6545764, 7117392, 7106595, 7110179, 5060269, 6545766]
[7110183, 7117407, 7106594, 5069060, 6545765, 7117392, 7106595, 7110179, 5048859, 6545766]
[7111309, 7117397, 7107667, 5048324, 6546080, 7117404, 7107668, 7111324, 5121122, 6546081]
[7110216, 7117387, 7106593, 5120104, 6545764, 7117392, 7106595, 7110179, 5119439, 6545766]
[7110216, 7117387, 7106593, 5048768, 6545764, 7117392, 7106595, 7110179, 5101750, 6545766]
[7111013, 7117394, 7107475, 5125974, 6546004, 7117393, 7107476, 7111057, 5121336, 6546005]
[7111309, 7117397, 7107667, 5069049, 6546080, 7117404, 7107668, 7111324, 5125754, 6546081]
[7110216, 7117387, 7106593, 5119858, 6545764, 7117392, 7106595, 7110179, 5040963, 6545766]
[7112774, 7117403, 7109291, 5048310, 6546678, 7117396, 7109292, 7112778, 5060143, 6546679]
[7111985, 7117406, 7108461, 5136533, 6546420, 7117402, 7108462, 7112012, 5048838, 6546421]
[7110216, 7117387, 7106593, 5048768, 6545764, 7117407, 7106594, 7110183, 5060298, 6545765]
[7111532, 7117390, 7107923, 5117063, 6546250, 7117398, 7107924, 7111502, 5049423, 6546251]
[7111985, 7117406, 7108461, 5069042, 6546420, 7117402, 7108462, 7112012, 5048838, 6546421]
[7110183, 7117407, 7106594, 5069060, 6545765, 7117392, 7106595, 7110179, 5048027, 6545766]
[7112774, 7117403, 7109291, 5142855, 6546678, 7117396, 7109292, 7112778, 5069041, 6546679]
[7111013, 7117394, 7107475, 5125974, 6546004, 7117393, 7107476, 7111057, 5048141, 6546005]
[7110216, 7117387, 7106593, 5119858, 6545764, 7117392, 7106595, 7110179, 5048027, 6545766]
[7111309, 7117397, 7107667, 5060306, 6546080, 7117404, 7107668, 7111324, 5047671, 6546081]
[7110183, 7117407, 7106594, 5117059, 6545765, 7117392, 7106595, 7110179, 5046496, 6545766]
[7110216, 7117387, 7106593, 5048173, 6545764, 7117407, 7106594, 7110183, 5118891, 6545765]
[7110216, 7117387, 7106593, 5040384, 6545764, 7117407, 7106594, 7110183, 5118891, 6545765]
[7110183, 7117407, 7106594, 5119432, 6545765, 7117392, 7106595, 7110179, 5046496, 6545766]
[7111532, 7117390, 7107923, 5126596, 6546250, 7117398, 7107924, 7111502, 5047846, 6546251]
[7110183, 7117407, 7106594, 5119432, 6545765, 7117392, 7106595, 7110179, 5040963, 6545766]
[7110419, 7117389, 7106949, 5060258, 6545859, 7117388, 7106950, 7110463, 5123213, 6545860]
[7110216, 7117387, 7106593, 5060142, 6545764, 7117407, 7106594, 7110183, 5048845, 6545765]
[7110216, 7117387, 7106593, 5120104, 6545764, 7117407, 7106594, 7110183, 5047980, 6545765]
[7112774, 7117403, 7109291, 5046353, 6546678, 7117396, 7109292, 7112778, 5143011, 6546679]
[7111013, 7117394, 7107475, 5060244, 6546004, 7117393, 7107476, 7111057, 5046031, 6546005]
[7111013, 7117394, 7107475, 5125974, 6546004, 7117393, 7107476, 7111057, 5048741, 6546005]
[7111532, 7117390, 7107923, 5132840, 6546250, 7117398, 7107924, 7111502, 5069039, 6546251]
[7111532, 7117390, 7107923, 5049005, 6546250, 7117398, 7107924, 7111502, 5046318, 6546251]
[7112774, 7117403, 7109291, 5049236, 6546678, 7117396, 7109292, 7112778, 5047921, 6546679]
[7112774, 7117403, 7109291, 5048310, 6546678, 7117396, 7109292, 7112778, 5141090, 6546679]
[7110216, 7117387, 7106593, 5119858, 6545764, 7117392, 7106595, 7110179, 5069048, 6545766]
[7111532, 7117390, 7107923, 5046338, 6546250, 7117398, 7107924, 7111502, 5131662, 6546251]
[7111985, 7117406, 7108461, 5136933, 6546420, 7117402, 7108462, 7112012, 5048838, 6546421]
[7111013, 7117394, 7107475, 5128256, 6546004, 7117393, 7107476, 7111057, 5046031, 6546005]
[7111309, 7117397, 7107667, 5048324, 6546080, 7117404, 7107668, 7111324, 5126466, 6546081]
[7110183, 7117407, 7106594, 5119432, 6545765, 7117392, 7106595, 7110179, 5119907, 6545766]
[7112774, 7117403, 7109291, 5117065, 6546678, 7117396, 7109292, 7112778, 5142845, 6546679]
[7111013, 7117394, 7107475, 5128256, 6546004, 7117393, 7107476, 7111057, 5101752, 6546005]
[7111013, 7117394, 7107475, 5120673, 6546004, 7117393, 7107476, 7111057, 5128257, 6546005]
[7112774, 7117403, 7109291, 5046353, 6546678, 7117396, 7109292, 7112778, 5120594, 6546679]
[7110216, 7117387, 7106593, 5120104, 6545764, 7117407, 7106594, 7110183, 5048845, 6545765]
[7111532, 7117390, 7107923, 5126596, 6546250, 7117398, 7107924, 7111502, 5049423, 6546251]
[7112774, 7117403, 7109291, 5117065, 6546678, 7117396, 7109292, 7112778, 5060143, 6546679]
[7111013, 7117394, 7107475, 5120673, 6546004, 7117393, 7107476, 7111057, 5046031, 6546005]
[7110419, 7117389, 7106949, 5041045, 6545859, 7117388, 7106950, 7110463, 5046750, 6545860]
[7110216, 7117387, 7106593, 5040384, 6545764, 7117392, 7106595, 7110179, 5060269, 6545766]
[7112774, 7117403, 7109291, 5060253, 6546678, 7117396, 7109292, 7112778, 5069041, 6546679]
[7110419, 7117389, 7106949, 5120757, 6545859, 7117388, 7106950, 7110463, 5048035, 6545860]
[7110419, 7117389, 7106949, 5120757, 6545859, 7117388, 7106950, 7110463, 5069052, 6545860]
[7111013, 7117394, 7107475, 5117067, 6546004, 7117393, 7107476, 7111057, 5060276, 6546005]
[7110419, 7117389, 7106949, 5121031, 6545859, 7117388, 7106950, 7110463, 5123213, 6545860]
[7110419, 7117389, 7106949, 5123062, 6545859, 7117388, 7106950, 7110463, 5060209, 6545860]
[7112774, 7117403, 7109291, 5049236, 6546678, 7117396, 7109292, 7112778, 5046666, 6546679]
[7110183, 7117407, 7106594, 5069060, 6545765, 7117392, 7106595, 7110179, 5060269, 6545766]
[7111985, 7117406, 7108461, 5136533, 6546420, 7117402, 7108462, 7112012, 5047857, 6546421]
[7112774, 7117403, 7109291, 5120525, 6546678, 7117396, 7109292, 7112778, 5060143, 6546679]
[7111532, 7117390, 7107923, 5132689, 6546250, 7117398, 7107924, 7111502, 5120711, 6546251]
[7112774, 7117403, 7109291, 5069045, 6546678, 7117396, 7109292, 7112778, 5046666, 6546679]
[7112774, 7117403, 7109291, 5117065, 6546678, 7117396, 7109292, 7112778, 5143011, 6546679]
[7112774, 7117403, 7109291, 5140810, 6546678, 7117396, 7109292, 7112778, 5046666, 6546679]
[7110419, 7117389, 7106949, 5046087, 6545859, 7117388, 7106950, 7110463, 5048035, 6545860]
[7111013, 7117394, 7107475, 5120673, 6546004, 7117393, 7107476, 7111057, 5126821, 6546005]
[7111985, 7117406, 7108461, 5046050, 6546420, 7117402, 7108462, 7112012, 5136406, 6546421]
[7111309, 7117397, 7107667, 5117061, 6546080, 7117404, 7107668, 7111324, 5046097, 6546081]
[7111013, 7117394, 7107475, 5128256, 6546004, 7117393, 7107476, 7111057, 5125739, 6546005]
[7111309, 7117397, 7107667, 5128629, 6546080, 7117404, 7107668, 7111324, 5046097, 6546081]
[7110216, 7117387, 7106593, 5048173, 6545764, 7117392, 7106595, 7110179, 5060269, 6545766]
[7110419, 7117389, 7106949, 5120066, 6545859, 7117388, 7106950, 7110463, 5121233, 6545860]
[7112774, 7117403, 7109291, 5117065, 6546678, 7117396, 7109292, 7112778, 5141090, 6546679]
[7110419, 7117389, 7106949, 5123062, 6545859, 7117388, 7106950, 7110463, 5041667, 6545860]
[7111532, 7117390, 7107923, 5046338, 6546250, 7117398, 7107924, 7111502, 5069039, 6546251]
[7110216, 7117387, 7106593, 5060142, 6545764, 7117407, 7106594, 7110183, 5069060, 6545765]
[7111532, 7117390, 7107923, 5117063, 6546250, 7117398, 7107924, 7111502, 5131662, 6546251]
[7111985, 7117406, 7108461, 5120427, 6546420, 7117402, 7108462, 7112012, 5047857, 6546421]
[7110216, 7117387, 7106593, 5119858, 6545764, 7117407, 7106594, 7110183, 5041035, 6545765]
[7110419, 7117389, 7106949, 5120757, 6545859, 7117388, 7106950, 7110463, 5049141, 6545860]
[7111985, 7117406, 7108461, 5048433, 6546420, 7117402, 7108462, 7112012, 5120805, 6546421]
[7111309, 7117397, 7107667, 5121199, 6546080, 7117404, 7107668, 7111324, 5046097, 6546081]
[7110183, 7117407, 7106594, 5119432, 6545765, 7117392, 7106595, 7110179, 5060269, 6545766]
[7110419, 7117389, 7106949, 5047953, 6545859, 7117388, 7106950, 7110463, 5041667, 6545860]
[7111013, 7117394, 7107475, 5046101, 6546004, 7117393, 7107476, 7111057, 5048141, 6546005]
[7111985, 7117406, 7108461, 5046050, 6546420, 7117402, 7108462, 7112012, 5120805, 6546421]
[7111985, 7117406, 7108461, 5120427, 6546420, 7117402, 7108462, 7112012, 5048838, 6546421]
[7111532, 7117390, 7107923, 5049005, 6546250, 7117398, 7107924, 7111502, 5131662, 6546251]
[7111985, 7117406, 7108461, 5048433, 6546420, 7117402, 7108462, 7112012, 5060191, 6546421]
[7111532, 7117390, 7107923, 5046338, 6546250, 7117398, 7107924, 7111502, 5047846, 6546251]
[7111985, 7117406, 7108461, 5135637, 6546420, 7117402, 7108462, 7112012, 5060191, 6546421]
[7111985, 7117406, 7108461, 5117066, 6546420, 7117402, 7108462, 7112012, 5046093, 6546421]
[7110216, 7117387, 7106593, 5046687, 6545764, 7117407, 7106594, 7110183, 5118891, 6545765]
[7110419, 7117389, 7106949, 5060258, 6545859, 7117388, 7106950, 7110463, 5048035, 6545860]
[7112774, 7117403, 7109291, 5046353, 6546678, 7117396, 7109292, 7112778, 5101746, 6546679]
[7112774, 7117403, 7109291, 5137038, 6546678, 7117396, 7109292, 7112778, 5047921, 6546679]
[7110216, 7117387, 7106593, 5118901, 6545764, 7117392, 7106595, 7110179, 5119439, 6545766]
[7110183, 7117407, 7106594, 5119855, 6545765, 7117392, 7106595, 7110179, 5040963, 6545766]
[7110216, 7117387, 7106593, 5119858, 6545764, 7117392, 7106595, 7110179, 5118909, 6545766]
[7110216, 7117387, 7106593, 5119438, 6545764, 7117392, 7106595, 7110179, 5060269, 6545766]
[7110183, 7117407, 7106594, 5060298, 6545765, 7117392, 7106595, 7110179, 5119439, 6545766]
[7111532, 7117390, 7107923, 5132689, 6546250, 7117398, 7107924, 7111502, 5049423, 6546251]
[7111013, 7117394, 7107475, 5126276, 6546004, 7117393, 7107476, 7111057, 5128257, 6546005]
[7110216, 7117387, 7106593, 5046687, 6545764, 7117392, 7106595, 7110179, 5048859, 6545766]
[7111013, 7117394, 7107475, 5128256, 6546004, 7117393, 7107476, 7111057, 5126821, 6546005]
[7110216, 7117387, 7106593, 5060142, 6545764, 7117407, 7106594, 7110183, 5117059, 6545765]
[7110216, 7117387, 7106593, 5120104, 6545764, 7117392, 7106595, 7110179, 5060269, 6545766]
[7110216, 7117387, 7106593, 5060142, 6545764, 7117392, 7106595, 7110179, 5048027, 6545766]
[7111309, 7117397, 7107667, 5126819, 6546080, 7117404, 7107668, 7111324, 5049446, 6546081]
[7110216, 7117387, 7106593, 5119858, 6545764, 7117407, 7106594, 7110183, 5069060, 6545765]
[7112774, 7117403, 7109291, 5069045, 6546678, 7117396, 7109292, 7112778, 5047921, 6546679]
[7111532, 7117390, 7107923, 5132840, 6546250, 7117398, 7107924, 7111502, 5046318, 6546251]
[7112774, 7117403, 7109291, 5143004, 6546678, 7117396, 7109292, 7112778, 5142845, 6546679]
[7111013, 7117394, 7107475, 5126276, 6546004, 7117393, 7107476, 7111057, 5048141, 6546005]
[7110216, 7117387, 7106593, 5048173, 6545764, 7117407, 7106594, 7110183, 5048845, 6545765]
[7111309, 7117397, 7107667, 5121199, 6546080, 7117404, 7107668, 7111324, 5120378, 6546081]
[7110216, 7117387, 7106593, 5040384, 6545764, 7117392, 7106595, 7110179, 5119862, 6545766]
[7111013, 7117394, 7107475, 5120673, 6546004, 7117393, 7107476, 7111057, 5101752, 6546005]
[7111013, 7117394, 7107475, 5121164, 6546004, 7117393, 7107476, 7111057, 5125739, 6546005]
[7110216, 7117387, 7106593, 5120259, 6545764, 7117407, 7106594, 7110183, 5060298, 6545765]
[7111309, 7117397, 7107667, 5048771, 6546080, 7117404, 7107668, 7111324, 5128511, 6546081]
[7111532, 7117390, 7107923, 5126596, 6546250, 7117398, 7107924, 7111502, 5131662, 6546251]
[7111309, 7117397, 7107667, 5121199, 6546080, 7117404, 7107668, 7111324, 5125754, 6546081]
[7111309, 7117397, 7107667, 5117061, 6546080, 7117404, 7107668, 7111324, 5047671, 6546081]
[7110216, 7117387, 7106593, 5119438, 6545764, 7117392, 7106595, 7110179, 5069048, 6545766]
[7110216, 7117387, 7106593, 5119858, 6545764, 7117392, 7106595, 7110179, 5060269, 6545766]
[7110216, 7117387, 7106593, 5069055, 6545764, 7117407, 7106594, 7110183, 5048845, 6545765]
[7111985, 7117406, 7108461, 5136533, 6546420, 7117402, 7108462, 7112012, 5046093, 6546421]
[7110216, 7117387, 7106593, 5119858, 6545764, 7117392, 7106595, 7110179, 5048859, 6545766]
[7110183, 7117407, 7106594, 5119432, 6545765, 7117392, 7106595, 7110179, 5101750, 6545766]
[7110419, 7117389, 7106949, 5049291, 6545859, 7117388, 7106950, 7110463, 5120057, 6545860]
[7110419, 7117389, 7106949, 5117068, 6545859, 7117388, 7106950, 7110463, 5123213, 6545860]
[7111309, 7117397, 7107667, 5069049, 6546080, 7117404, 7107668, 7111324, 5060252, 6546081]
[7111532, 7117390, 7107923, 5048326, 6546250, 7117398, 7107924, 7111502, 5049423, 6546251]
[7110216, 7117387, 7106593, 5048173, 6545764, 7117392, 7106595, 7110179, 5119862, 6545766]
[7110419, 7117389, 7106949, 5046087, 6545859, 7117388, 7106950, 7110463, 5121233, 6545860]
[7111309, 7117397, 7107667, 5069049, 6546080, 7117404, 7107668, 7111324, 5128511, 6546081]
[7110216, 7117387, 7106593, 5119858, 6545764, 7117407, 7106594, 7110183, 5119432, 6545765]
[7111985, 7117406, 7108461, 5137508, 6546420, 7117402, 7108462, 7112012, 5120805, 6546421]
[7110216, 7117387, 7106593, 5048173, 6545764, 7117407, 7106594, 7110183, 5119432, 6545765]
[7111985, 7117406, 7108461, 5069042, 6546420, 7117402, 7108462, 7112012, 5120805, 6546421]
[7111532, 7117390, 7107923, 5048326, 6546250, 7117398, 7107924, 7111502, 5131662, 6546251]
[7110216, 7117387, 7106593, 5040384, 6545764, 7117392, 7106595, 7110179, 5101750, 6545766]
[7110183, 7117407, 7106594, 5119432, 6545765, 7117392, 7106595, 7110179, 5119862, 6545766]
[7112774, 7117403, 7109291, 5143004, 6546678, 7117396, 7109292, 7112778, 5046666, 6546679]
[7110419, 7117389, 7106949, 5060258, 6545859, 7117388, 7106950, 7110463, 5101745, 6545860]
[7110216, 7117387, 7106593, 5040384, 6545764, 7117407, 7106594, 7110183, 5060298, 6545765]
[7111013, 7117394, 7107475, 5069062, 6546004, 7117393, 7107476, 7111057, 5121336, 6546005]
[7112774, 7117403, 7109291, 5143004, 6546678, 7117396, 7109292, 7112778, 5060143, 6546679]
[7111532, 7117390, 7107923, 5132689, 6546250, 7117398, 7107924, 7111502, 5131662, 6546251]
[7112774, 7117403, 7109291, 5049236, 6546678, 7117396, 7109292, 7112778, 5142845, 6546679]
[7111985, 7117406, 7108461, 5117066, 6546420, 7117402, 7108462, 7112012, 5136406, 6546421]
[7110183, 7117407, 7106594, 5060298, 6545765, 7117392, 7106595, 7110179, 5069048, 6545766]
[7111013, 7117394, 7107475, 5121164, 6546004, 7117393, 7107476, 7111057, 5101752, 6546005]
[7110419, 7117389, 7106949, 5117068, 6545859, 7117388, 7106950, 7110463, 5048035, 6545860]
[7110216, 7117387, 7106593, 5118901, 6545764, 7117392, 7106595, 7110179, 5048027, 6545766]
[7110419, 7117389, 7106949, 5069044, 6545859, 7117388, 7106950, 7110463, 5120057, 6545860]
[7111013, 7117394, 7107475, 5048248, 6546004, 7117393, 7107476, 7111057, 5069053, 6546005]
[7111309, 7117397, 7107667, 5126819, 6546080, 7117404, 7107668, 7111324, 5047671, 6546081]
[7111532, 7117390, 7107923, 5046338, 6546250, 7117398, 7107924, 7111502, 5132841, 6546251]
[7112774, 7117403, 7109291, 5142855, 6546678, 7117396, 7109292, 7112778, 5120594, 6546679]
[7110419, 7117389, 7106949, 5047953, 6545859, 7117388, 7106950, 7110463, 5101745, 6545860]
[7111532, 7117390, 7107923, 5048326, 6546250, 7117398, 7107924, 7111502, 5060205, 6546251]
[7111985, 7117406, 7108461, 5048743, 6546420, 7117402, 7108462, 7112012, 5120805, 6546421]
[7110183, 7117407, 7106594, 5069060, 6545765, 7117392, 7106595, 7110179, 5046496, 6545766]
[7110419, 7117389, 7106949, 5046087, 6545859, 7117388, 7106950, 7110463, 5049141, 6545860]
[7110419, 7117389, 7106949, 5121031, 6545859, 7117388, 7106950, 7110463, 5049141, 6545860]
[7110216, 7117387, 7106593, 5120104, 6545764, 7117407, 7106594, 7110183, 5117059, 6545765]
[7111013, 7117394, 7107475, 5060244, 6546004, 7117393, 7107476, 7111057, 5125739, 6546005]
[7111309, 7117397, 7107667, 5125863, 6546080, 7117404, 7107668, 7111324, 5120378, 6546081]
[7111985, 7117406, 7108461, 5060251, 6546420, 7117402, 7108462, 7112012, 5069061, 6546421]
[7111013, 7117394, 7107475, 5126276, 6546004, 7117393, 7107476, 7111057, 5060276, 6546005]
[7111532, 7117390, 7107923, 5131744, 6546250, 7117398, 7107924, 7111502, 5049423, 6546251]
[7112774, 7117403, 7109291, 5060253, 6546678, 7117396, 7109292, 7112778, 5047921, 6546679]
[7111532, 7117390, 7107923, 5126596, 6546250, 7117398, 7107924, 7111502, 5069039, 6546251]
[7111532, 7117390, 7107923, 5132840, 6546250, 7117398, 7107924, 7111502, 5126488, 6546251]
[7111309, 7117397, 7107667, 5126819, 6546080, 7117404, 7107668, 7111324, 5125754, 6546081]
[7111309, 7117397, 7107667, 5128629, 6546080, 7117404, 7107668, 7111324, 5047671, 6546081]
[7110216, 7117387, 7106593, 5069055, 6545764, 7117392, 7106595, 7110179, 5119862, 6545766]
[7110216, 7117387, 7106593, 5119438, 6545764, 7117392, 7106595, 7110179, 5048027, 6545766]
[7110183, 7117407, 7106594, 5047980, 6545765, 7117392, 7106595, 7110179, 5119907, 6545766]
[7111985, 7117406, 7108461, 5048743, 6546420, 7117402, 7108462, 7112012, 5136406, 6546421]
[7110183, 7117407, 7106594, 5046491, 6545765, 7117392, 7106595, 7110179, 5040963, 6545766]
[7110216, 7117387, 7106593, 5060142, 6545764, 7117392, 7106595, 7110179, 5046496, 6545766]
[7111309, 7117397, 7107667, 5128629, 6546080, 7117404, 7107668, 7111324, 5060252, 6546081]
[7111532, 7117390, 7107923, 5132689, 6546250, 7117398, 7107924, 7111502, 5047846, 6546251]
[7111985, 7117406, 7108461, 5048743, 6546420, 7117402, 7108462, 7112012, 5046093, 6546421]
[7110216, 7117387, 7106593, 5120104, 6545764, 7117392, 7106595, 7110179, 5046496, 6545766]
[7112774, 7117403, 7109291, 5049236, 6546678, 7117396, 7109292, 7112778, 5101746, 6546679]
[7112774, 7117403, 7109291, 5048310, 6546678, 7117396, 7109292, 7112778, 5069041, 6546679]
[7112774, 7117403, 7109291, 5140810, 6546678, 7117396, 7109292, 7112778, 5060143, 6546679]
[7111985, 7117406, 7108461, 5137508, 6546420, 7117402, 7108462, 7112012, 5135616, 6546421]
[7111309, 7117397, 7107667, 5125863, 6546080, 7117404, 7107668, 7111324, 5126466, 6546081]
[7111013, 7117394, 7107475, 5048248, 6546004, 7117393, 7107476, 7111057, 5060276, 6546005]
[7111985, 7117406, 7108461, 5117066, 6546420, 7117402, 7108462, 7112012, 5135616, 6546421]
[7111309, 7117397, 7107667, 5069049, 6546080, 7117404, 7107668, 7111324, 5101749, 6546081]
[7112774, 7117403, 7109291, 5048310, 6546678, 7117396, 7109292, 7112778, 5120594, 6546679]
[7110216, 7117387, 7106593, 5119438, 6545764, 7117407, 7106594, 7110183, 5048845, 6545765]
[7111013, 7117394, 7107475, 5048788, 6546004, 7117393, 7107476, 7111057, 5121336, 6546005]
[7111309, 7117397, 7107667, 5120836, 6546080, 7117404, 7107668, 7111324, 5125754, 6546081]
[7111532, 7117390, 7107923, 5060309, 6546250, 7117398, 7107924, 7111502, 5047846, 6546251]
[7111013, 7117394, 7107475, 5128256, 6546004, 7117393, 7107476, 7111057, 5048741, 6546005]
[7111309, 7117397, 7107667, 5117061, 6546080, 7117404, 7107668, 7111324, 5049446, 6546081]
[7111309, 7117397, 7107667, 5125863, 6546080, 7117404, 7107668, 7111324, 5060252, 6546081]
[7111985, 7117406, 7108461, 5060251, 6546420, 7117402, 7108462, 7112012, 5120805, 6546421]
[7110183, 7117407, 7106594, 5120044, 6545765, 7117392, 7106595, 7110179, 5040963, 6545766]
[7110183, 7117407, 7106594, 5117059, 6545765, 7117392, 7106595, 7110179, 5119439, 6545766]
[7110216, 7117387, 7106593, 5040384, 6545764, 7117407, 7106594, 7110183, 5117059, 6545765]
[7110216, 7117387, 7106593, 5119438, 6545764, 7117392, 7106595, 7110179, 5046496, 6545766]
[7111309, 7117397, 7107667, 5126819, 6546080, 7117404, 7107668, 7111324, 5046097, 6546081]
[7112774, 7117403, 7109291, 5142855, 6546678, 7117396, 7109292, 7112778, 5101746, 6546679]
[7110216, 7117387, 7106593, 5120259, 6545764, 7117407, 7106594, 7110183, 5119855, 6545765]
[7110183, 7117407, 7106594, 5118891, 6545765, 7117392, 7106595, 7110179, 5046496, 6545766]
[7110183, 7117407, 7106594, 5060298, 6545765, 7117392, 7106595, 7110179, 5118909, 6545766]
[7111013, 7117394, 7107475, 5125974, 6546004, 7117393, 7107476, 7111057, 5126821, 6546005]
[7112774, 7117403, 7109291, 5048310, 6546678, 7117396, 7109292, 7112778, 5049000, 6546679]
[7112774, 7117403, 7109291, 5117065, 6546678, 7117396, 7109292, 7112778, 5069041, 6546679]
[7111985, 7117406, 7108461, 5048433, 6546420, 7117402, 7108462, 7112012, 5137516, 6546421]
[7111013, 7117394, 7107475, 5069062, 6546004, 7117393, 7107476, 7111057, 5060276, 6546005]
[7110216, 7117387, 7106593, 5060142, 6545764, 7117407, 7106594, 7110183, 5119432, 6545765]
[7110216, 7117387, 7106593, 5046687, 6545764, 7117407, 7106594, 7110183, 5041035, 6545765]
[7110419, 7117389, 7106949, 5120757, 6545859, 7117388, 7106950, 7110463, 5121233, 6545860]
[7111309, 7117397, 7107667, 5046723, 6546080, 7117404, 7107668, 7111324, 5069059, 6546081]
[7110183, 7117407, 7106594, 5046491, 6545765, 7117392, 7106595, 7110179, 5101750, 6545766]
[7110183, 7117407, 7106594, 5118891, 6545765, 7117392, 7106595, 7110179, 5101750, 6545766]
[7111013, 7117394, 7107475, 5126276, 6546004, 7117393, 7107476, 7111057, 5101752, 6546005]
[7111309, 7117397, 7107667, 5125863, 6546080, 7117404, 7107668, 7111324, 5128511, 6546081]
[7110419, 7117389, 7106949, 5041045, 6545859, 7117388, 7106950, 7110463, 5121233, 6545860]
[7112774, 7117403, 7109291, 5117065, 6546678, 7117396, 7109292, 7112778, 5049000, 6546679]
[7110216, 7117387, 7106593, 5119858, 6545764, 7117407, 7106594, 7110183, 5048845, 6545765]
[7110419, 7117389, 7106949, 5047953, 6545859, 7117388, 7106950, 7110463, 5120057, 6545860]
[7111309, 7117397, 7107667, 5126819, 6546080, 7117404, 7107668, 7111324, 5060252, 6546081]
[7111532, 7117390, 7107923, 5069043, 6546250, 7117398, 7107924, 7111502, 5049423, 6546251]
[7111013, 7117394, 7107475, 5128256, 6546004, 7117393, 7107476, 7111057, 5121336, 6546005]
[7110216, 7117387, 7106593, 5069055, 6545764, 7117407, 7106594, 7110183, 5047980, 6545765]
[7110216, 7117387, 7106593, 5048768, 6545764, 7117407, 7106594, 7110183, 5047980, 6545765]
[7112774, 7117403, 7109291, 5143004, 6546678, 7117396, 7109292, 7112778, 5047921, 6546679]
[7110216, 7117387, 7106593, 5120104, 6545764, 7117392, 7106595, 7110179, 5069048, 6545766]
[7111985, 7117406, 7108461, 5137508, 6546420, 7117402, 7108462, 7112012, 5136646, 6546421]
[7111013, 7117394, 7107475, 5046101, 6546004, 7117393, 7107476, 7111057, 5128257, 6546005]
[7110183, 7117407, 7106594, 5046491, 6545765, 7117392, 7106595, 7110179, 5119439, 6545766]
[7110216, 7117387, 7106593, 5048768, 6545764, 7117407, 7106594, 7110183, 5069060, 6545765]
[7111985, 7117406, 7108461, 5120427, 6546420, 7117402, 7108462, 7112012, 5136646, 6546421]
[7110216, 7117387, 7106593, 5120259, 6545764, 7117407, 7106594, 7110183, 5046491, 6545765]
[7111532, 7117390, 7107923, 5131744, 6546250, 7117398, 7107924, 7111502, 5120711, 6546251]
[7111985, 7117406, 7108461, 5136533, 6546420, 7117402, 7108462, 7112012, 5136646, 6546421]
[7111985, 7117406, 7108461, 5048433, 6546420, 7117402, 7108462, 7112012, 5069061, 6546421]
[7110216, 7117387, 7106593, 5048173, 6545764, 7117407, 7106594, 7110183, 5119855, 6545765]
[7110216, 7117387, 7106593, 5040384, 6545764, 7117407, 7106594, 7110183, 5046491, 6545765]
[7110183, 7117407, 7106594, 5117059, 6545765, 7117392, 7106595, 7110179, 5101750, 6545766]
[7110216, 7117387, 7106593, 5118901, 6545764, 7117407, 7106594, 7110183, 5119855, 6545765]
[7110216, 7117387, 7106593, 5120104, 6545764, 7117407, 7106594, 7110183, 5069060, 6545765]
[7110183, 7117407, 7106594, 5117059, 6545765, 7117392, 7106595, 7110179, 5119862, 6545766]
