[9504616, 9498270, 9521090, 9504624, 9498271, 9521153, 9504625, 8312443, 8875618, 6929591, 6847962, 9504603, 8326669, 9498274, 6637560]
[9504594, 9498267, 9521063, 9504622, 9498268, 9521151, 9504623, 8312443, 8875618, 6929591, 6847962, 9504599, 8326671, 9498276, 6637874]
[9504594, 9498267, 9521063, 9504622, 9498268, 9521151, 9504623, 8312443, 8875618, 6929591, 6847962, 9504600, 8326675, 9498280, 6637543]
[9504616, 9498270, 9521090, 9504624, 9498271, 9521153, 9504625, 8312443, 8875618, 6929591, 6847962, 9504600, 8326675, 9498280, 6637543]
[9504616, 9498270, 9521090, 9504624, 9498271, 9521153, 9504625, 8312443, 8875618, 6929591, 6847962, 9504599, 8326671, 9498276, 6637874]
[9504594, 9498267, 9521063, 9504622, 9498268, 9521151, 9504623, 8312443, 8875618, 6929591, 6847962, 9504619, 8326679, 9498282, 6637597]
[9504616, 9498270, 9521090, 9504624, 9498271, 9521153, 9504625, 8312443, 8875618, 6929591, 6847962, 9504619, 8326679, 9498282, 6637597]
[9504616, 9498270, 9521090, 9504624, 9498271, 9521153, 9504625, 8312443, 8875618, 6929591, 6847962, 9504574, 8326673, 9498278, 6637678]
[9504594, 9498267, 9521063, 9504622, 9498268, 9521151, 9504623, 8312443, 8875618, 6929591, 6847962, 9504608, 8326681, 9498283, 6637788]
[9504594, 9498267, 9521063, 9504622, 9498268, 9521151, 9504623, 8312443, 8875618, 6929591, 6847962, 9504574, 8326673, 9498278, 6637678]
[9504616, 9498270, 9521090, 9504624, 9498271, 9521153, 9504625, 8312443, 8875618, 6929591, 6847962, 9504608, 8326681, 9498283, 6637788]
[9504594, 9498267, 9521063, 9504622, 9498268, 9521151, 9504623, 8312443, 8875618, 6929591, 6847962, 9504603, 8326669, 9498274, 6637560]
