[9505858, 9499434, 9517586, 9505860, 9499433, 9517688, 9505857, 9499432, 9521635, 9505862, 7069449, 9499438, 6860928, 9521684, 9505865, 9499440, 9505866, 9499441]
[9509811, 9503330, 9517609, 9509810, 9503329, 9517719, 9509809, 9503328, 9521637, 9509805, 7439773, 9503334, 6900215, 9521661, 9509814, 9503338, 9509816, 9503339]
[9506227, 9499811, 9517682, 9506230, 9499809, 9517612, 9506228, 9499808, 9521642, 9506225, 7119403, 9499814, 6865239, 9521686, 9506232, 9499818, 9506234, 9499819]
[9505490, 9499072, 9517679, 9505494, 9499070, 9517645, 9505492, 9499069, 9521640, 9505493, 7020700, 9499075, 6856781, 9521678, 9505495, 9499079, 9505498, 9499080]
[9507143, 9500729, 9517678, 9507146, 9500727, 9517713, 9507147, 9500726, 9521656, 9507144, 7211332, 9500732, 6875056, 9521677, 9507149, 9500734, 9507150, 9500735]
[9505859, 9499435, 9517666, 9505860, 9499433, 9517688, 9505857, 9499432, 9521635, 9505862, 7069449, 9499438, 6860928, 9521684, 9505865, 9499440, 9505866, 9499441]
[9505491, 9499071, 9517616, 9505494, 9499070, 9517645, 9505492, 9499069, 9521640, 9505493, 7020700, 9499075, 6856781, 9521678, 9505495, 9499079, 9505498, 9499080]
[9507143, 9500729, 9517678, 9507146, 9500727, 9517713, 9507147, 9500726, 9521656, 9507144, 7211332, 9500732, 6875056, 9521683, 9507148, 9500736, 9507151, 9500737]
[9508080, 9501699, 9517593, 9508079, 9501697, 9517650, 9508077, 9501696, 9521648, 9508082, 7298208, 9501702, 6885496, 9521667, 9508084, 9501704, 9508085, 9501705]
[9505490, 9499072, 9517679, 9505494, 9499070, 9517645, 9505492, 9499069, 9521640, 9505493, 7020700, 9499075, 6856781, 9521685, 9505496, 9499077, 9505497, 9499078]
[9505859, 9499435, 9517666, 9505860, 9499433, 9517688, 9505857, 9499432, 9521635, 9505862, 7069449, 9499438, 6860928, 9521666, 9505864, 9499442, 9505867, 9499443]
[9509808, 9503331, 9517703, 9509810, 9503329, 9517719, 9509809, 9503328, 9521637, 9509805, 7439773, 9503334, 6900215, 9521661, 9509814, 9503338, 9509816, 9503339]
[9508078, 9501698, 9517697, 9508079, 9501697, 9517650, 9508077, 9501696, 9521648, 9508082, 7298208, 9501702, 6885496, 9521673, 9508083, 9501706, 9508086, 9501707]
[9509808, 9503331, 9517703, 9509810, 9503329, 9517719, 9509809, 9503328, 9521637, 9509805, 7439773, 9503334, 6900215, 9521682, 9509813, 9503336, 9509815, 9503337]
[9505858, 9499434, 9517586, 9505860, 9499433, 9517688, 9505857, 9499432, 9521635, 9505862, 7069449, 9499438, 6860928, 9521666, 9505864, 9499442, 9505867, 9499443]
[9504732, 9498306, 9517588, 9504728, 9498305, 9517640, 9504726, 9498304, 9521657, 9504730, 6937472, 9498310, 6848700, 9521669, 9504734, 9498314, 9504737, 9498315]
[9505491, 9499071, 9517616, 9505494, 9499070, 9517645, 9505492, 9499069, 9521640, 9505493, 7020700, 9499075, 6856781, 9521685, 9505496, 9499077, 9505497, 9499078]
[9507145, 9500728, 9517670, 9507146, 9500727, 9517713, 9507147, 9500726, 9521656, 9507144, 7211332, 9500732, 6875056, 9521683, 9507148, 9500736, 9507151, 9500737]
[9507145, 9500728, 9517670, 9507146, 9500727, 9517713, 9507147, 9500726, 9521656, 9507144, 7211332, 9500732, 6875056, 9521677, 9507149, 9500734, 9507150, 9500735]
[9509811, 9503330, 9517609, 9509810, 9503329, 9517719, 9509809, 9503328, 9521637, 9509805, 7439773, 9503334, 6900215, 9521682, 9509813, 9503336, 9509815, 9503337]
[9508080, 9501699, 9517593, 9508079, 9501697, 9517650, 9508077, 9501696, 9521648, 9508082, 7298208, 9501702, 6885496, 9521673, 9508083, 9501706, 9508086, 9501707]
[9508078, 9501698, 9517697, 9508079, 9501697, 9517650, 9508077, 9501696, 9521648, 9508082, 7298208, 9501702, 6885496, 9521667, 9508084, 9501704, 9508085, 9501705]
[9506229, 9499810, 9517630, 9506230, 9499809, 9517612, 9506228, 9499808, 9521642, 9506225, 7119403, 9499814, 6865239, 9521686, 9506232, 9499818, 9506234, 9499819]
