[7113297, 7109325, 6193737, 7105545, 7105544, 7109365, 7116827, 5041687, 5233132, 5145247]
[7113297, 7109312, 6193748, 7105551, 7105550, 7109341, 7116899, 5062266, 5233360, 5145773]
[7113297, 7109363, 6193750, 7105557, 7105556, 7109342, 7116825, 5048098, 5233388, 5145779]
[7113297, 7109319, 6193751, 7105560, 7105559, 7109359, 7117043, 5040442, 5233390, 5145783]
[7113297, 7109325, 6193737, 7105545, 7105544, 7109365, 7116827, 5054174, 5233132, 5145247]
[7113297, 7109321, 6193754, 7105566, 7105565, 7109315, 7117032, 5062345, 5233436, 5145798]
[7113297, 7109349, 6193747, 7105548, 7105547, 7109326, 7117005, 5063262, 5233216, 5145550]
[7113297, 7109331, 6193753, 7105563, 7105562, 7109334, 7116805, 5062378, 5233404, 5145786]
[7113297, 7109322, 6193758, 7105575, 7105574, 7109317, 7116923, 5047536, 5233483, 5145805]
[7113297, 7109325, 6193737, 7105545, 7105544, 7109365, 7116827, 5061728, 5233132, 5145247]
[7113297, 7109347, 6193749, 7105554, 7105553, 7109352, 7116892, 5045628, 5233374, 5145777]
[7113297, 7109331, 6193753, 7105563, 7105562, 7109334, 7116805, 5041315, 5233404, 5145786]
[7113297, 7109321, 6193754, 7105566, 7105565, 7109315, 7117032, 5061726, 5233436, 5145798]
[7113297, 7109363, 6193750, 7105557, 7105556, 7109342, 7116825, 5063395, 5233388, 5145779]
[7113297, 7109349, 6193747, 7105548, 7105547, 7109326, 7117005, 5042687, 5233216, 5145550]
[7113297, 7109349, 6193747, 7105548, 7105547, 7109326, 7117005, 5041369, 5233216, 5145550]
[7113297, 7109325, 6193737, 7105545, 7105544, 7109365, 7116827, 5045465, 5233132, 5145247]
[7113297, 7109346, 6193756, 7105569, 7105568, 7109356, 7117058, 5063373, 5233458, 5145800]
[7113297, 7109322, 6193758, 7105575, 7105574, 7109317, 7116923, 5045632, 5233483, 5145805]
[7113297, 7109321, 6193754, 7105566, 7105565, 7109315, 7117032, 5047654, 5233436, 5145798]
[7113297, 7109325, 6193737, 7105545, 7105544, 7109365, 7116827, 5043176, 5233132, 5145247]
[7113297, 7109347, 6193749, 7105554, 7105553, 7109352, 7116892, 5054064, 5233374, 5145777]
[7113297, 7109322, 6193758, 7105575, 7105574, 7109317, 7116923, 5053977, 5233483, 5145805]
[7113297, 7109321, 6193754, 7105566, 7105565, 7109315, 7117032, 5041582, 5233436, 5145798]
[7113297, 7109363, 6193750, 7105557, 7105556, 7109342, 7116825, 5062168, 5233388, 5145779]
[7113297, 7109363, 6193750, 7105557, 7105556, 7109342, 7116825, 5068767, 5233388, 5145779]
[7113297, 7109319, 6193751, 7105560, 7105559, 7109359, 7117043, 5047641, 5233390, 5145783]
[7113297, 7109346, 6193756, 7105569, 7105568, 7109356, 7117058, 5061899, 5233458, 5145800]
[7113297, 7109332, 6193757, 7105572, 7105571, 7109313, 7116898, 5041612, 5233474, 5145803]
[7113297, 7109325, 6193737, 7105545, 7105544, 7109365, 7116827, 5062217, 5233132, 5145247]
[7113297, 7109319, 6193751, 7105560, 7105559, 7109359, 7117043, 5042809, 5233390, 5145783]
[7113297, 7109312, 6193748, 7105551, 7105550, 7109341, 7116899, 5062733, 5233360, 5145773]
[7113297, 7109349, 6193747, 7105548, 7105547, 7109326, 7117005, 5063408, 5233216, 5145550]
[7113297, 7109319, 6193751, 7105560, 7105559, 7109359, 7117043, 5063164, 5233390, 5145783]
[7113297, 7109312, 6193748, 7105551, 7105550, 7109341, 7116899, 5063211, 5233360, 5145773]
[7113297, 7109332, 6193757, 7105572, 7105571, 7109313, 7116898, 5063267, 5233474, 5145803]
[7113297, 7109349, 6193747, 7105548, 7105547, 7109326, 7117005, 5048245, 5233216, 5145550]
[7113297, 7109346, 6193756, 7105569, 7105568, 7109356, 7117058, 5068786, 5233458, 5145800]
[7113297, 7109325, 6193737, 7105545, 7105544, 7109365, 7116827, 5063341, 5233132, 5145247]
[7113297, 7109349, 6193747, 7105548, 7105547, 7109326, 7117005, 5062318, 5233216, 5145550]
[7113297, 7109319, 6193751, 7105560, 7105559, 7109359, 7117043, 5043331, 5233390, 5145783]
[7113297, 7109322, 6193758, 7105575, 7105574, 7109317, 7116923, 5061724, 5233483, 5145805]
[7113297, 7109319, 6193751, 7105560, 7105559, 7109359, 7117043, 5068772, 5233390, 5145783]
[7113297, 7109349, 6193747, 7105548, 7105547, 7109326, 7117005, 5068702, 5233216, 5145550]
[7113297, 7109325, 6193737, 7105545, 7105544, 7109365, 7116827, 5043441, 5233132, 5145247]
[7113297, 7109319, 6193751, 7105560, 7105559, 7109359, 7117043, 5062569, 5233390, 5145783]
[7113297, 7109347, 6193749, 7105554, 7105553, 7109352, 7116892, 5068763, 5233374, 5145777]
[7113297, 7109346, 6193756, 7105569, 7105568, 7109356, 7117058, 5043302, 5233458, 5145800]
[7113297, 7109321, 6193754, 7105566, 7105565, 7109315, 7117032, 5043536, 5233436, 5145798]
[7113297, 7109321, 6193754, 7105566, 7105565, 7109315, 7117032, 5063138, 5233436, 5145798]
[7113297, 7109332, 6193757, 7105572, 7105571, 7109313, 7116898, 5062277, 5233474, 5145803]
[7113297, 7109332, 6193757, 7105572, 7105571, 7109313, 7116898, 5054018, 5233474, 5145803]
[7113297, 7109349, 6193747, 7105548, 7105547, 7109326, 7117005, 5043477, 5233216, 5145550]
[7113297, 7109346, 6193756, 7105569, 7105568, 7109356, 7117058, 5054055, 5233458, 5145800]
[7113297, 7109325, 6193737, 7105545, 7105544, 7109365, 7116827, 5048230, 5233132, 5145247]
[7113297, 7109346, 6193756, 7105569, 7105568, 7109356, 7117058, 5062457, 5233458, 5145800]
[7113297, 7109347, 6193749, 7105554, 7105553, 7109352, 7116892, 5063296, 5233374, 5145777]
[7113297, 7109363, 6193750, 7105557, 7105556, 7109342, 7116825, 5062220, 5233388, 5145779]
[7113297, 7109332, 6193757, 7105572, 7105571, 7109313, 7116898, 5047513, 5233474, 5145803]
[7113297, 7109319, 6193751, 7105560, 7105559, 7109359, 7117043, 5054195, 5233390, 5145783]
[7113297, 7109312, 6193748, 7105551, 7105550, 7109341, 7116899, 5061918, 5233360, 5145773]
[7113297, 7109331, 6193753, 7105563, 7105562, 7109334, 7116805, 5061915, 5233404, 5145786]
[7113297, 7109363, 6193750, 7105557, 7105556, 7109342, 7116825, 5045629, 5233388, 5145779]
[7113297, 7109331, 6193753, 7105563, 7105562, 7109334, 7116805, 5061718, 5233404, 5145786]
[7113297, 7109322, 6193758, 7105575, 7105574, 7109317, 7116923, 5062348, 5233483, 5145805]
[7113297, 7109346, 6193756, 7105569, 7105568, 7109356, 7117058, 5042775, 5233458, 5145800]
[7113297, 7109332, 6193757, 7105572, 7105571, 7109313, 7116898, 5062150, 5233474, 5145803]
[7113297, 7109347, 6193749, 7105554, 7105553, 7109352, 7116892, 5062783, 5233374, 5145777]
[7113297, 7109321, 6193754, 7105566, 7105565, 7109315, 7117032, 5045434, 5233436, 5145798]
[7113297, 7109322, 6193758, 7105575, 7105574, 7109317, 7116923, 5043033, 5233483, 5145805]
[7113297, 7109325, 6193737, 7105545, 7105544, 7109365, 7116827, 5063424, 5233132, 5145247]
[7113297, 7109312, 6193748, 7105551, 7105550, 7109341, 7116899, 5043237, 5233360, 5145773]
[7113297, 7109322, 6193758, 7105575, 7105574, 7109317, 7116923, 5062727, 5233483, 5145805]
[7113297, 7109349, 6193747, 7105548, 7105547, 7109326, 7117005, 5061719, 5233216, 5145550]
[7113297, 7109321, 6193754, 7105566, 7105565, 7109315, 7117032, 5042954, 5233436, 5145798]
[7113297, 7109332, 6193757, 7105572, 7105571, 7109313, 7116898, 5068791, 5233474, 5145803]
[7113297, 7109347, 6193749, 7105554, 7105553, 7109352, 7116892, 5061729, 5233374, 5145777]
[7113297, 7109346, 6193756, 7105569, 7105568, 7109356, 7117058, 5061725, 5233458, 5145800]
[7113297, 7109322, 6193758, 7105575, 7105574, 7109317, 7116923, 5062115, 5233483, 5145805]
[7113297, 7109346, 6193756, 7105569, 7105568, 7109356, 7117058, 5062764, 5233458, 5145800]
[7113297, 7109349, 6193747, 7105548, 7105547, 7109326, 7117005, 5045418, 5233216, 5145550]
[7113297, 7109312, 6193748, 7105551, 7105550, 7109341, 7116899, 5054017, 5233360, 5145773]
[7113297, 7109321, 6193754, 7105566, 7105565, 7109315, 7117032, 5068781, 5233436, 5145798]
[7113297, 7109363, 6193750, 7105557, 7105556, 7109342, 7116825, 5062603, 5233388, 5145779]
[7113297, 7109346, 6193756, 7105569, 7105568, 7109356, 7117058, 5040819, 5233458, 5145800]
[7113297, 7109321, 6193754, 7105566, 7105565, 7109315, 7117032, 5063354, 5233436, 5145798]
[7113297, 7109347, 6193749, 7105554, 7105553, 7109352, 7116892, 5043485, 5233374, 5145777]
[7113297, 7109346, 6193756, 7105569, 7105568, 7109356, 7117058, 5047884, 5233458, 5145800]
[7113297, 7109346, 6193756, 7105569, 7105568, 7109356, 7117058, 5045548, 5233458, 5145800]
[7113297, 7109312, 6193748, 7105551, 7105550, 7109341, 7116899, 5061720, 5233360, 5145773]
[7113297, 7109347, 6193749, 7105554, 7105553, 7109352, 7116892, 5062293, 5233374, 5145777]
[7113297, 7109312, 6193748, 7105551, 7105550, 7109341, 7116899, 5045461, 5233360, 5145773]
[7113297, 7109325, 6193737, 7105545, 7105544, 7109365, 7116827, 5062606, 5233132, 5145247]
[7113297, 7109347, 6193749, 7105554, 7105553, 7109352, 7116892, 5047715, 5233374, 5145777]
[7113297, 7109325, 6193737, 7105545, 7105544, 7109365, 7116827, 5062000, 5233132, 5145247]
[7113297, 7109312, 6193748, 7105551, 7105550, 7109341, 7116899, 5047814, 5233360, 5145773]
[7113297, 7109363, 6193750, 7105557, 7105556, 7109342, 7116825, 5054259, 5233388, 5145779]
[7113297, 7109363, 6193750, 7105557, 7105556, 7109342, 7116825, 5061723, 5233388, 5145779]
[7113297, 7109312, 6193748, 7105551, 7105550, 7109341, 7116899, 5043489, 5233360, 5145773]
[7113297, 7109312, 6193748, 7105551, 7105550, 7109341, 7116899, 5063411, 5233360, 5145773]
[7113297, 7109363, 6193750, 7105557, 7105556, 7109342, 7116825, 5040665, 5233388, 5145779]
[7113297, 7109332, 6193757, 7105572, 7105571, 7109313, 7116898, 5063369, 5233474, 5145803]
[7113297, 7109349, 6193747, 7105548, 7105547, 7109326, 7117005, 5062712, 5233216, 5145550]
[7113297, 7109347, 6193749, 7105554, 7105553, 7109352, 7116892, 5062043, 5233374, 5145777]
[7113297, 7109363, 6193750, 7105557, 7105556, 7109342, 7116825, 5063216, 5233388, 5145779]
[7113297, 7109331, 6193753, 7105563, 7105562, 7109334, 7116805, 5063068, 5233404, 5145786]
[7113297, 7109346, 6193756, 7105569, 7105568, 7109356, 7117058, 5063198, 5233458, 5145800]
[7113297, 7109349, 6193747, 7105548, 7105547, 7109326, 7117005, 5054249, 5233216, 5145550]
[7113297, 7109347, 6193749, 7105554, 7105553, 7109352, 7116892, 5041059, 5233374, 5145777]
[7113297, 7109332, 6193757, 7105572, 7105571, 7109313, 7116898, 5061722, 5233474, 5145803]
[7113297, 7109322, 6193758, 7105575, 7105574, 7109317, 7116923, 5063228, 5233483, 5145805]
[7113297, 7109321, 6193754, 7105566, 7105565, 7109315, 7117032, 5062068, 5233436, 5145798]
[7113297, 7109319, 6193751, 7105560, 7105559, 7109359, 7117043, 5062332, 5233390, 5145783]
[7113297, 7109319, 6193751, 7105560, 7105559, 7109359, 7117043, 5063381, 5233390, 5145783]
[7113297, 7109319, 6193751, 7105560, 7105559, 7109359, 7117043, 5062052, 5233390, 5145783]
[7113297, 7109363, 6193750, 7105557, 7105556, 7109342, 7116825, 5042733, 5233388, 5145779]
[7113297, 7109363, 6193750, 7105557, 7105556, 7109342, 7116825, 5043540, 5233388, 5145779]
[7113297, 7109321, 6193754, 7105566, 7105565, 7109315, 7117032, 5062638, 5233436, 5145798]
[7113297, 7109332, 6193757, 7105572, 7105571, 7109313, 7116898, 5043330, 5233474, 5145803]
[7113297, 7109312, 6193748, 7105551, 7105550, 7109341, 7116899, 5068757, 5233360, 5145773]
[7113297, 7109312, 6193748, 7105551, 7105550, 7109341, 7116899, 5040773, 5233360, 5145773]
[7113297, 7109332, 6193757, 7105572, 7105571, 7109313, 7116898, 5062504, 5233474, 5145803]
[7113297, 7109325, 6193737, 7105545, 7105544, 7109365, 7116827, 5063287, 5233132, 5145247]
[7113297, 7109347, 6193749, 7105554, 7105553, 7109352, 7116892, 5042547, 5233374, 5145777]
[7113297, 7109347, 6193749, 7105554, 7105553, 7109352, 7116892, 5063396, 5233374, 5145777]
[7113297, 7109331, 6193753, 7105563, 7105562, 7109334, 7116805, 5062698, 5233404, 5145786]
[7113297, 7109319, 6193751, 7105560, 7105559, 7109359, 7117043, 5061727, 5233390, 5145783]
[7113297, 7109331, 6193753, 7105563, 7105562, 7109334, 7116805, 5042655, 5233404, 5145786]
[7113297, 7109349, 6193747, 7105548, 7105547, 7109326, 7117005, 5062088, 5233216, 5145550]
[7113297, 7109322, 6193758, 7105575, 7105574, 7109317, 7116923, 5040555, 5233483, 5145805]
[7113297, 7109319, 6193751, 7105560, 7105559, 7109359, 7117043, 5045564, 5233390, 5145783]
