[9504536, 9498231, 9504570, 9498232, 9521220, 9504571, 9498234, 8875616, 6928953, 6847235, 6726768]
[9504616, 9498270, 9504624, 9498271, 9521517, 9504625, 9498272, 8875618, 6929591, 6847962, 6689741]
[9506134, 9500192, 9506553, 9500193, 9521217, 9506554, 9500194, 8876160, 7153857, 6868765, 6812272]
[9506586, 9500703, 9507054, 9500704, 9521196, 9507055, 9500705, 8876314, 7198375, 6874594, 6816486]
[9507128, 9501099, 9507441, 9501100, 9521219, 9507442, 9501101, 8876457, 7239706, 6878853, 6818479]
[9504984, 9499039, 9505385, 9499040, 9521429, 9505386, 9499041, 8875811, 7008209, 6856294, 6803153]
[9509763, 9503729, 9510124, 9503730, 9521423, 9510125, 9503731, 8877112, 7472084, 6903911, 6833950]
[9505394, 9499385, 9505739, 9499386, 9521175, 9505740, 9499387, 8875910, 7056344, 6860271, 6805417]
[9508485, 9502549, 9508878, 9502550, 9521397, 9508879, 9502551, 8876829, 7379947, 6894507, 6828834]
[9507990, 9502121, 9508429, 9502122, 9521354, 9508430, 9502123, 8876707, 7337753, 6890003, 6825649]
[9510164, 9504241, 9510616, 9504242, 9521415, 9510617, 9504243, 8877282, 7516900, 6909527, 6836190]
[9509371, 9503300, 9509694, 9503301, 9521282, 9509695, 9503302, 8876979, 7428538, 6899716, 6831745]
