[6545771, 6197103, 7110429, 7110498, 7106667, 6548354, 5336335, 5161891, 5336334, 5161890, 5336337, 5161885]
[6546604, 6204163, 7112785, 7112859, 7109074, 6549532, 5630785, 5196478, 5630783, 5196477, 5630786, 5196441]
[6545477, 6193858, 7109507, 7109732, 7105907, 6547974, 5239637, 5150307, 5239635, 5150306, 5239638, 5150283]
[6546525, 6203286, 7112492, 7112530, 7108739, 6549395, 5592012, 5192343, 5592011, 5192342, 5592013, 5192274]
[6545771, 6197103, 7110445, 7110647, 7106827, 6548353, 5336318, 5161882, 5336316, 5161881, 5336317, 5161846]
[6545865, 6198043, 7110793, 7110871, 7107033, 6548518, 5363691, 5165377, 5363690, 5165376, 5363693, 5165324]
[6546604, 6204163, 7112785, 7112859, 7109074, 6549518, 5627506, 5194520, 5627504, 5194519, 5627507, 5194226]
[6545938, 6198633, 7111030, 7111094, 7107248, 6548643, 5391396, 5166946, 5391395, 5166945, 5391398, 5166943]
[6545477, 6193858, 7109531, 7109833, 7106018, 6547975, 5239697, 5150313, 5239695, 5150312, 5239699, 5150310]
[6545680, 6196360, 7110219, 7110262, 7106428, 6548248, 5301911, 5156744, 5301909, 5156743, 5301912, 5156113]
[6545771, 6197103, 7110458, 7110644, 7106823, 6548353, 5336318, 5161882, 5336316, 5161881, 5336317, 5161846]
[6546604, 6204163, 7112782, 7112940, 7109164, 6549532, 5630785, 5196478, 5630783, 5196477, 5630786, 5196441]
[6545771, 6197103, 7110453, 7110510, 7106683, 6548354, 5336335, 5161891, 5336334, 5161890, 5336337, 5161885]
[6546347, 6201712, 7111996, 7112083, 7108270, 6549166, 5536884, 5184717, 5536881, 5184716, 5536883, 5184686]
[6545938, 6198633, 7111022, 7111091, 7107244, 6548654, 5393440, 5168066, 5393439, 5168065, 5393441, 5167794]
[6545938, 6198633, 7111017, 7111081, 7107230, 6548642, 5391269, 5166940, 5391268, 5166938, 5391270, 5166751]
[6545771, 6197103, 7110464, 7110640, 7106817, 6548349, 5336214, 5161837, 5336211, 5161836, 5336213, 5161772]
[6545771, 6197103, 7110453, 7110510, 7106683, 6548352, 5336312, 5161843, 5336311, 5161842, 5336313, 5161840]
[6546604, 6204163, 7112775, 7112855, 7109068, 6549532, 5630785, 5196478, 5630783, 5196477, 5630786, 5196441]
[6546259, 6201189, 7111775, 7111818, 7108015, 6549014, 5503011, 5180189, 5503009, 5180188, 5503012, 5179849]
[6546017, 6199384, 7111322, 7111377, 7107554, 6548792, 5424362, 5171025, 5424361, 5171024, 5424363, 5171021]
[6545865, 6198043, 7110829, 7110954, 7107125, 6548519, 5363737, 5165400, 5363734, 5165399, 5363736, 5165381]
[6546604, 6204163, 7112804, 7112871, 7109091, 6549532, 5630785, 5196478, 5630783, 5196477, 5630786, 5196441]
[6545477, 6193858, 7109494, 7109709, 7105761, 6547956, 5237124, 5147548, 5237123, 5147547, 5237126, 5147542]
[6545477, 6193858, 7109531, 7109833, 7106018, 6547974, 5239637, 5150307, 5239635, 5150306, 5239638, 5150283]
[6546259, 6201189, 7111766, 7111809, 7108003, 6549006, 5500435, 5178679, 5500434, 5178678, 5500436, 5178671]
[6546525, 6203286, 7112456, 7112526, 7108735, 6549385, 5588960, 5189817, 5588959, 5189816, 5588962, 5189814]
[6546017, 6199384, 7111336, 7111386, 7107566, 6548792, 5424362, 5171025, 5424361, 5171024, 5424363, 5171021]
[6545680, 6196360, 7110201, 7110272, 7106442, 6548250, 5302270, 5156840, 5302273, 5156839, 5302271, 5156832]
[6545680, 6196360, 7110227, 7110268, 7106435, 6548250, 5302270, 5156840, 5302273, 5156839, 5302271, 5156832]
[6545771, 6197103, 7110453, 7110510, 7106683, 6548353, 5336318, 5161882, 5336316, 5161881, 5336317, 5161846]
[6545771, 6197103, 7110429, 7110498, 7106667, 6548353, 5336318, 5161882, 5336316, 5161881, 5336317, 5161846]
[6546347, 6201712, 7112005, 7112063, 7108244, 6549169, 5536931, 5184755, 5536930, 5184754, 5536933, 5184743]
[6545680, 6196360, 7110197, 7110305, 7106483, 6548248, 5301911, 5156744, 5301909, 5156743, 5301912, 5156113]
[6546347, 6201712, 7112017, 7112156, 7108370, 6549169, 5536931, 5184755, 5536930, 5184754, 5536933, 5184743]
[6545771, 6197103, 7110450, 7110506, 7106679, 6548355, 5336340, 5161897, 5336339, 5161896, 5336342, 5161894]
[6545771, 6197103, 7110431, 7110504, 7106675, 6548353, 5336318, 5161882, 5336316, 5161881, 5336317, 5161846]
[6545477, 6193858, 7109518, 7109721, 7105835, 6547975, 5239697, 5150313, 5239695, 5150312, 5239699, 5150310]
[6545771, 6197103, 7110416, 7110501, 7106671, 6548349, 5336214, 5161837, 5336211, 5161836, 5336213, 5161772]
[6546259, 6201189, 7111750, 7111826, 7108028, 6549013, 5502816, 5179844, 5502815, 5179843, 5502818, 5179684]
[6545680, 6196360, 7110180, 7110270, 7106438, 6548241, 5300324, 5155670, 5300322, 5155669, 5300326, 5155667]
[6546604, 6204163, 7112786, 7112851, 7109064, 6549530, 5630680, 5196431, 5630678, 5196430, 5630681, 5196355]
[6546604, 6204163, 7112799, 7112848, 7109060, 6549518, 5627506, 5194520, 5627504, 5194519, 5627507, 5194226]
[6545477, 6193858, 7109491, 7109828, 7106011, 6547975, 5239697, 5150313, 5239695, 5150312, 5239699, 5150310]
[6545938, 6198633, 7111020, 7111096, 7107252, 6548654, 5393440, 5168066, 5393439, 5168065, 5393441, 5167794]
[6546525, 6203286, 7112490, 7112517, 7108722, 6549398, 5592072, 5192469, 5592071, 5192468, 5592073, 5192346]
[6546347, 6201712, 7112018, 7112070, 7108252, 6549165, 5536657, 5184682, 5536656, 5184681, 5536658, 5184401]
[6545771, 6197103, 7110424, 7110495, 7106663, 6548353, 5336318, 5161882, 5336316, 5161881, 5336317, 5161846]
[6545580, 6195336, 7109938, 7110016, 7106197, 6548105, 5267019, 5153768, 5267016, 5153767, 5267018, 5153757]
[6546347, 6201712, 7112002, 7112061, 7108239, 6549166, 5536884, 5184717, 5536881, 5184716, 5536883, 5184686]
[6545865, 6198043, 7110808, 7110946, 7107113, 6548517, 5363686, 5165321, 5363684, 5165320, 5363687, 5165318]
[6545477, 6193858, 7109496, 7109711, 7105783, 6547958, 5237158, 5147609, 5237156, 5147608, 5237159, 5147558]
[6545771, 6197103, 7110416, 7110501, 7106671, 6548338, 5333207, 5159576, 5333205, 5159575, 5333208, 5159572]
[6546604, 6204163, 7112781, 7112920, 7109142, 6549530, 5630680, 5196431, 5630678, 5196430, 5630681, 5196355]
[6546347, 6201712, 7111998, 7112066, 7108248, 6549169, 5536931, 5184755, 5536930, 5184754, 5536933, 5184743]
[6546347, 6201712, 7111991, 7112146, 7108354, 6549165, 5536657, 5184682, 5536656, 5184681, 5536658, 5184401]
[6545580, 6195336, 7109937, 7110010, 7106189, 6548105, 5267019, 5153768, 5267016, 5153767, 5267018, 5153757]
[6545477, 6193858, 7109499, 7109723, 7105857, 6547974, 5239637, 5150307, 5239635, 5150306, 5239638, 5150283]
[6545580, 6195336, 7109951, 7110003, 7106181, 6548095, 5265997, 5153086, 5265996, 5153085, 5265998, 5153083]
[6546604, 6204163, 7112785, 7112859, 7109074, 6549530, 5630680, 5196431, 5630678, 5196430, 5630681, 5196355]
[6545865, 6198043, 7110831, 7110961, 7107135, 6548519, 5363737, 5165400, 5363734, 5165399, 5363736, 5165381]
[6545477, 6193858, 7109491, 7109828, 7106011, 6547974, 5239637, 5150307, 5239635, 5150306, 5239638, 5150283]
[6545771, 6197103, 7110431, 7110504, 7106675, 6548338, 5333207, 5159576, 5333205, 5159575, 5333208, 5159572]
[6545938, 6198633, 7111050, 7111085, 7107237, 6548642, 5391269, 5166940, 5391268, 5166938, 5391270, 5166751]
[6545477, 6193858, 7109516, 7109717, 7105825, 6547975, 5239697, 5150313, 5239695, 5150312, 5239699, 5150310]
[6546525, 6203286, 7112476, 7112697, 7108937, 6549398, 5592072, 5192469, 5592071, 5192468, 5592073, 5192346]
[6545580, 6195336, 7109967, 7110065, 7106257, 6548105, 5267019, 5153768, 5267016, 5153767, 5267018, 5153757]
[6546347, 6201712, 7112005, 7112063, 7108244, 6549166, 5536884, 5184717, 5536881, 5184716, 5536883, 5184686]
[6546347, 6201712, 7111997, 7112080, 7108267, 6549169, 5536931, 5184755, 5536930, 5184754, 5536933, 5184743]
[6546604, 6204163, 7112795, 7112868, 7109087, 6549533, 5630794, 5196484, 5630793, 5196483, 5630795, 5196481]
[6545771, 6197103, 7110429, 7110498, 7106667, 6548337, 5333128, 5159569, 5333127, 5159568, 5333129, 5159522]
[6545771, 6197103, 7110424, 7110495, 7106663, 6548339, 5333213, 5159583, 5333210, 5159582, 5333212, 5159580]
[6545938, 6198633, 7111017, 7111081, 7107230, 6548644, 5391401, 5166952, 5391400, 5166951, 5391402, 5166949]
[6546259, 6201189, 7111735, 7111823, 7108024, 6549013, 5502816, 5179844, 5502815, 5179843, 5502818, 5179684]
[6545771, 6197103, 7110420, 7110516, 7106691, 6548355, 5336340, 5161897, 5336339, 5161896, 5336342, 5161894]
[6545680, 6196360, 7110220, 7110264, 7106431, 6548248, 5301911, 5156744, 5301909, 5156743, 5301912, 5156113]
[6545865, 6198043, 7110823, 7110867, 7107029, 6548505, 5362111, 5164479, 5362109, 5164478, 5362112, 5164432]
[6545938, 6198633, 7111050, 7111085, 7107237, 6548654, 5393440, 5168066, 5393439, 5168065, 5393441, 5167794]
[6545680, 6196360, 7110227, 7110268, 7106435, 6548248, 5301911, 5156744, 5301909, 5156743, 5301912, 5156113]
[6545680, 6196360, 7110207, 7110302, 7106480, 6548250, 5302270, 5156840, 5302273, 5156839, 5302271, 5156832]
[6546347, 6201712, 7112002, 7112061, 7108239, 6549148, 5533900, 5183123, 5533898, 5183122, 5533899, 5182848]
[6545865, 6198043, 7110813, 7110950, 7107119, 6548519, 5363737, 5165400, 5363734, 5165399, 5363736, 5165381]
[6545771, 6197103, 7110454, 7110652, 7106835, 6548355, 5336340, 5161897, 5336339, 5161896, 5336342, 5161894]
[6546259, 6201189, 7111762, 7111827, 7108031, 6549014, 5503011, 5180189, 5503009, 5180188, 5503012, 5179849]
[6546170, 6200451, 7111505, 7111586, 7107756, 6548867, 5463613, 5174378, 5463612, 5174377, 5463615, 5174375]
[6546017, 6199384, 7111314, 7111384, 7107562, 6548792, 5424362, 5171025, 5424361, 5171024, 5424363, 5171021]
[6546604, 6204163, 7112764, 7112944, 7109170, 6549532, 5630785, 5196478, 5630783, 5196477, 5630786, 5196441]
[6545938, 6198633, 7111053, 7111087, 7107240, 6548643, 5391396, 5166946, 5391395, 5166945, 5391398, 5166943]
[6545771, 6197103, 7110446, 7110650, 7106831, 6548355, 5336340, 5161897, 5336339, 5161896, 5336342, 5161894]
[6546604, 6204163, 7112799, 7112848, 7109060, 6549533, 5630794, 5196484, 5630793, 5196483, 5630795, 5196481]
[6546170, 6200451, 7111505, 7111586, 7107756, 6548869, 5463623, 5174433, 5463620, 5174432, 5463625, 5174387]
[6546017, 6199384, 7111317, 7111381, 7107558, 6548792, 5424362, 5171025, 5424361, 5171024, 5424363, 5171021]
[6546347, 6201712, 7112028, 7112073, 7108256, 6549152, 5534501, 5183199, 5534499, 5183198, 5534502, 5183151]
[6546347, 6201712, 7111991, 7112146, 7108354, 6549166, 5536884, 5184717, 5536881, 5184716, 5536883, 5184686]
[6546347, 6201712, 7112028, 7112073, 7108256, 6549169, 5536931, 5184755, 5536930, 5184754, 5536933, 5184743]
[6545771, 6197103, 7110431, 7110504, 7106675, 6548349, 5336214, 5161837, 5336211, 5161836, 5336213, 5161772]
[6545938, 6198633, 7111050, 7111085, 7107237, 6548643, 5391396, 5166946, 5391395, 5166945, 5391398, 5166943]
[6546604, 6204163, 7112799, 7112848, 7109060, 6549532, 5630785, 5196478, 5630783, 5196477, 5630786, 5196441]
[6546259, 6201189, 7111738, 7111812, 7108007, 6549006, 5500435, 5178679, 5500434, 5178678, 5500436, 5178671]
[6545680, 6196360, 7110207, 7110302, 7106480, 6548248, 5301911, 5156744, 5301909, 5156743, 5301912, 5156113]
[6546525, 6203286, 7112459, 7112523, 7108731, 6549383, 5588782, 5189805, 5588780, 5189804, 5588784, 5189761]
[6545680, 6196360, 7110197, 7110305, 7106483, 6548250, 5302270, 5156840, 5302273, 5156839, 5302271, 5156832]
[6545865, 6198043, 7110803, 7110876, 7107041, 6548518, 5363691, 5165377, 5363690, 5165376, 5363693, 5165324]
[6546259, 6201189, 7111736, 7111820, 7108020, 6549006, 5500435, 5178679, 5500434, 5178678, 5500436, 5178671]
[6546604, 6204163, 7112790, 7112862, 7109079, 6549530, 5630680, 5196431, 5630678, 5196430, 5630681, 5196355]
[6545865, 6198043, 7110787, 7110874, 7107037, 6548518, 5363691, 5165377, 5363690, 5165376, 5363693, 5165324]
[6545477, 6193858, 7109518, 7109721, 7105835, 6547958, 5237158, 5147609, 5237156, 5147608, 5237159, 5147558]
[6545477, 6193858, 7109502, 7109715, 7105801, 6547974, 5239637, 5150307, 5239635, 5150306, 5239638, 5150283]
[6546259, 6201189, 7111738, 7111812, 7108007, 6549013, 5502816, 5179844, 5502815, 5179843, 5502818, 5179684]
[6545580, 6195336, 7109951, 7110003, 7106181, 6548097, 5266054, 5153143, 5266052, 5153142, 5266053, 5153096]
[6545771, 6197103, 7110444, 7110513, 7106687, 6548352, 5336312, 5161843, 5336311, 5161842, 5336313, 5161840]
[6546170, 6200451, 7111524, 7111583, 7107752, 6548867, 5463613, 5174378, 5463612, 5174377, 5463615, 5174375]
[6546259, 6201189, 7111766, 7111809, 7108003, 6549013, 5502816, 5179844, 5502815, 5179843, 5502818, 5179684]
[6546525, 6203286, 7112490, 7112517, 7108722, 6549379, 5588132, 5189736, 5588130, 5189735, 5588134, 5189465]
[6545771, 6197103, 7110416, 7110501, 7106671, 6548339, 5333213, 5159583, 5333210, 5159582, 5333212, 5159580]
[6545938, 6198633, 7111015, 7111083, 7107234, 6548644, 5391401, 5166952, 5391400, 5166951, 5391402, 5166949]
[6545771, 6197103, 7110424, 7110495, 7106663, 6548349, 5336214, 5161837, 5336211, 5161836, 5336213, 5161772]
[6546525, 6203286, 7112473, 7112521, 7108727, 6549381, 5588773, 5189748, 5588772, 5189747, 5588774, 5189745]
[6545865, 6198043, 7110787, 7110874, 7107037, 6548505, 5362111, 5164479, 5362109, 5164478, 5362112, 5164432]
[6546604, 6204163, 7112785, 7112859, 7109074, 6549519, 5628032, 5194526, 5628029, 5194525, 5628033, 5194523]
[6545477, 6193858, 7109526, 7109729, 7105900, 6547974, 5239637, 5150307, 5239635, 5150306, 5239638, 5150283]
[6545477, 6193858, 7109499, 7109723, 7105857, 6547975, 5239697, 5150313, 5239695, 5150312, 5239699, 5150310]
[6545865, 6198043, 7110786, 7110879, 7107045, 6548517, 5363686, 5165321, 5363684, 5165320, 5363687, 5165318]
[6546604, 6204163, 7112799, 7112848, 7109060, 6549519, 5628032, 5194526, 5628029, 5194525, 5628033, 5194523]
[6545771, 6197103, 7110444, 7110513, 7106687, 6548353, 5336318, 5161882, 5336316, 5161881, 5336317, 5161846]
[6546017, 6199384, 7111335, 7111389, 7107570, 6548793, 5424395, 5171031, 5424394, 5171030, 5424396, 5171028]
[6546170, 6200451, 7111526, 7111598, 7107772, 6548871, 5463735, 5174445, 5463738, 5174444, 5463736, 5174441]
[6546017, 6199384, 7111317, 7111381, 7107558, 6548793, 5424395, 5171031, 5424394, 5171030, 5424396, 5171028]
[6546170, 6200451, 7111503, 7111591, 7107764, 6548869, 5463623, 5174433, 5463620, 5174432, 5463625, 5174387]
[6546604, 6204163, 7112782, 7112940, 7109164, 6549531, 5630780, 5196437, 5630779, 5196436, 5630782, 5196434]
[6545771, 6197103, 7110429, 7110498, 7106667, 6548335, 5333039, 5159513, 5333037, 5159512, 5333038, 5159510]
[6546347, 6201712, 7111998, 7112066, 7108248, 6549150, 5534491, 5183141, 5534490, 5183140, 5534492, 5183138]
[6546259, 6201189, 7111772, 7111806, 7107998, 6549007, 5500440, 5178685, 5500438, 5178684, 5500442, 5178682]
[6546525, 6203286, 7112471, 7112538, 7108751, 6549398, 5592072, 5192469, 5592071, 5192468, 5592073, 5192346]
[6546170, 6200451, 7111517, 7111581, 7107747, 6548865, 5462971, 5174361, 5462970, 5174360, 5462973, 5174096]
[6545771, 6197103, 7110453, 7110510, 7106683, 6548339, 5333213, 5159583, 5333210, 5159582, 5333212, 5159580]
[6546170, 6200451, 7111505, 7111586, 7107756, 6548871, 5463735, 5174445, 5463738, 5174444, 5463736, 5174441]
[6546017, 6199384, 7111308, 7111374, 7107550, 6548792, 5424362, 5171025, 5424361, 5171024, 5424363, 5171021]
[6546017, 6199384, 7111335, 7111389, 7107570, 6548792, 5424362, 5171025, 5424361, 5171024, 5424363, 5171021]
[6546604, 6204163, 7112782, 7112940, 7109164, 6549533, 5630794, 5196484, 5630793, 5196483, 5630795, 5196481]
[6546017, 6199384, 7111314, 7111384, 7107562, 6548793, 5424395, 5171031, 5424394, 5171030, 5424396, 5171028]
[6546347, 6201712, 7111991, 7112146, 7108354, 6549169, 5536931, 5184755, 5536930, 5184754, 5536933, 5184743]
[6546347, 6201712, 7112005, 7112063, 7108244, 6549153, 5534664, 5183205, 5534667, 5183204, 5534666, 5183202]
[6545938, 6198633, 7111017, 7111081, 7107230, 6548643, 5391396, 5166946, 5391395, 5166945, 5391398, 5166943]
[6545477, 6193858, 7109496, 7109711, 7105783, 6547974, 5239637, 5150307, 5239635, 5150306, 5239638, 5150283]
[6546525, 6203286, 7112453, 7112541, 7108755, 6549398, 5592072, 5192469, 5592071, 5192468, 5592073, 5192346]
[6546604, 6204163, 7112773, 7112947, 7109174, 6549533, 5630794, 5196484, 5630793, 5196483, 5630795, 5196481]
[6546347, 6201712, 7112002, 7112061, 7108239, 6549149, 5534486, 5183134, 5534485, 5183133, 5534487, 5183126]
[6545865, 6198043, 7110823, 7110867, 7107029, 6548519, 5363737, 5165400, 5363734, 5165399, 5363736, 5165381]
[6546347, 6201712, 7112005, 7112063, 7108244, 6549165, 5536657, 5184682, 5536656, 5184681, 5536658, 5184401]
[6546347, 6201712, 7112011, 7112153, 7108366, 6549166, 5536884, 5184717, 5536881, 5184716, 5536883, 5184686]
[6546433, 6202220, 7112256, 7112321, 7108539, 6549286, 5561663, 5186870, 5561661, 5186869, 5561664, 5186849]
[6546604, 6204163, 7112785, 7112859, 7109074, 6549533, 5630794, 5196484, 5630793, 5196483, 5630795, 5196481]
[6546604, 6204163, 7112783, 7112857, 7109071, 6549531, 5630780, 5196437, 5630779, 5196436, 5630782, 5196434]
[6545580, 6195336, 7109946, 7110018, 7106201, 6548099, 5266311, 5153155, 5266310, 5153154, 5266312, 5153152]
[6546604, 6204163, 7112799, 7112848, 7109060, 6549515, 5627493, 5194209, 5627491, 5194208, 5627492, 5194206]
[6545865, 6198043, 7110786, 7110879, 7107045, 6548519, 5363737, 5165400, 5363734, 5165399, 5363736, 5165381]
[6545771, 6197103, 7110424, 7110495, 7106663, 6548352, 5336312, 5161843, 5336311, 5161842, 5336313, 5161840]
[6546525, 6203286, 7112473, 7112521, 7108727, 6549383, 5588782, 5189805, 5588780, 5189804, 5588784, 5189761]
[6546604, 6204163, 7112775, 7112855, 7109068, 6549530, 5630680, 5196431, 5630678, 5196430, 5630681, 5196355]
[6546604, 6204163, 7112790, 7112862, 7109079, 6549519, 5628032, 5194526, 5628029, 5194525, 5628033, 5194523]
[6545580, 6195336, 7109936, 7110013, 7106193, 6548105, 5267019, 5153768, 5267016, 5153767, 5267018, 5153757]
[6545580, 6195336, 7109963, 7110068, 7106265, 6548105, 5267019, 5153768, 5267016, 5153767, 5267018, 5153757]
[6546259, 6201189, 7111764, 7111815, 7108011, 6549006, 5500435, 5178679, 5500434, 5178678, 5500436, 5178671]
[6546170, 6200451, 7111524, 7111583, 7107752, 6548870, 5463731, 5174439, 5463730, 5174438, 5463732, 5174436]
[6546604, 6204163, 7112775, 7112855, 7109068, 6549518, 5627506, 5194520, 5627504, 5194519, 5627507, 5194226]
[6545771, 6197103, 7110450, 7110506, 7106679, 6548353, 5336318, 5161882, 5336316, 5161881, 5336317, 5161846]
[6545477, 6193858, 7109496, 7109711, 7105783, 6547959, 5237385, 5147615, 5237384, 5147614, 5237387, 5147612]
[6545865, 6198043, 7110793, 7110871, 7107033, 6548502, 5362030, 5164414, 5362028, 5164413, 5362031, 5164411]
[6545580, 6195336, 7109966, 7110007, 7106185, 6548098, 5266306, 5153149, 5266305, 5153148, 5266308, 5153146]
[6546347, 6201712, 7112025, 7112149, 7108361, 6549165, 5536657, 5184682, 5536656, 5184681, 5536658, 5184401]
[6545477, 6193858, 7109496, 7109711, 7105783, 6547956, 5237124, 5147548, 5237123, 5147547, 5237126, 5147542]
[6545865, 6198043, 7110834, 7110891, 7107059, 6548518, 5363691, 5165377, 5363690, 5165376, 5363693, 5165324]
[6545771, 6197103, 7110424, 7110495, 7106663, 6548334, 5333030, 5159507, 5333029, 5159506, 5333031, 5159504]
[6545680, 6196360, 7110189, 7110276, 7106447, 6548248, 5301911, 5156744, 5301909, 5156743, 5301912, 5156113]
[6545865, 6198043, 7110808, 7110946, 7107113, 6548518, 5363691, 5165377, 5363690, 5165376, 5363693, 5165324]
[6546525, 6203286, 7112490, 7112517, 7108722, 6549380, 5588768, 5189742, 5588766, 5189741, 5588770, 5189739]
[6546433, 6202220, 7112252, 7112315, 7108532, 6549285, 5561555, 5186846, 5561554, 5186845, 5561557, 5186803]
[6546525, 6203286, 7112490, 7112517, 7108722, 6549384, 5588955, 5189811, 5588954, 5189810, 5588957, 5189808]
[6545580, 6195336, 7109966, 7110007, 7106185, 6548099, 5266311, 5153155, 5266310, 5153154, 5266312, 5153152]
[6545477, 6193858, 7109494, 7109709, 7105761, 6547955, 5237022, 5147539, 5237021, 5147538, 5237024, 5147298]
[6545680, 6196360, 7110220, 7110264, 7106431, 6548237, 5299861, 5155404, 5299859, 5155403, 5299862, 5155399]
[6546525, 6203286, 7112473, 7112521, 7108727, 6549380, 5588768, 5189742, 5588766, 5189741, 5588770, 5189739]
[6545938, 6198633, 7111030, 7111094, 7107248, 6548654, 5393440, 5168066, 5393439, 5168065, 5393441, 5167794]
[6545771, 6197103, 7110424, 7110495, 7106663, 6548338, 5333207, 5159576, 5333205, 5159575, 5333208, 5159572]
[6545865, 6198043, 7110823, 7110867, 7107029, 6548503, 5362034, 5164420, 5362033, 5164419, 5362035, 5164417]
[6545865, 6198043, 7110834, 7110891, 7107059, 6548517, 5363686, 5165321, 5363684, 5165320, 5363687, 5165318]
[6546604, 6204163, 7112795, 7112868, 7109087, 6549531, 5630780, 5196437, 5630779, 5196436, 5630782, 5196434]
[6545865, 6198043, 7110793, 7110871, 7107033, 6548519, 5363737, 5165400, 5363734, 5165399, 5363736, 5165381]
[6546604, 6204163, 7112799, 7112848, 7109060, 6549530, 5630680, 5196431, 5630678, 5196430, 5630681, 5196355]
[6546259, 6201189, 7111764, 7111815, 7108011, 6549013, 5502816, 5179844, 5502815, 5179843, 5502818, 5179684]
[6546170, 6200451, 7111531, 7111589, 7107760, 6548870, 5463731, 5174439, 5463730, 5174438, 5463732, 5174436]
[6545477, 6193858, 7109494, 7109709, 7105761, 6547975, 5239697, 5150313, 5239695, 5150312, 5239699, 5150310]
[6546170, 6200451, 7111528, 7111594, 7107768, 6548870, 5463731, 5174439, 5463730, 5174438, 5463732, 5174436]
[6546017, 6199384, 7111308, 7111374, 7107550, 6548789, 5424073, 5170953, 5424072, 5170952, 5424075, 5170724]
[6546170, 6200451, 7111531, 7111589, 7107760, 6548871, 5463735, 5174445, 5463738, 5174444, 5463736, 5174441]
[6546259, 6201189, 7111736, 7111820, 7108020, 6549014, 5503011, 5180189, 5503009, 5180188, 5503012, 5179849]
[6546604, 6204163, 7112775, 7112855, 7109068, 6549520, 5628076, 5194532, 5628075, 5194531, 5628077, 5194529]
[6545771, 6197103, 7110458, 7110644, 7106823, 6548355, 5336340, 5161897, 5336339, 5161896, 5336342, 5161894]
[6545865, 6198043, 7110793, 7110871, 7107033, 6548505, 5362111, 5164479, 5362109, 5164478, 5362112, 5164432]
[6546525, 6203286, 7112473, 7112521, 7108727, 6549385, 5588960, 5189817, 5588959, 5189816, 5588962, 5189814]
[6545865, 6198043, 7110789, 7110888, 7107055, 6548519, 5363737, 5165400, 5363734, 5165399, 5363736, 5165381]
[6545771, 6197103, 7110450, 7110506, 7106679, 6548352, 5336312, 5161843, 5336311, 5161842, 5336313, 5161840]
[6546347, 6201712, 7112002, 7112061, 7108239, 6549169, 5536931, 5184755, 5536930, 5184754, 5536933, 5184743]
[6545771, 6197103, 7110464, 7110640, 7106817, 6548355, 5336340, 5161897, 5336339, 5161896, 5336342, 5161894]
[6545771, 6197103, 7110420, 7110516, 7106691, 6548353, 5336318, 5161882, 5336316, 5161881, 5336317, 5161846]
[6546170, 6200451, 7111505, 7111586, 7107756, 6548870, 5463731, 5174439, 5463730, 5174438, 5463732, 5174436]
[6546604, 6204163, 7112783, 7112857, 7109071, 6549518, 5627506, 5194520, 5627504, 5194519, 5627507, 5194226]
[6545680, 6196360, 7110217, 7110311, 7106495, 6548250, 5302270, 5156840, 5302273, 5156839, 5302271, 5156832]
[6546525, 6203286, 7112491, 7112692, 7108931, 6549398, 5592072, 5192469, 5592071, 5192468, 5592073, 5192346]
[6546604, 6204163, 7112777, 7112938, 7109160, 6549530, 5630680, 5196431, 5630678, 5196430, 5630681, 5196355]
[6546604, 6204163, 7112786, 7112851, 7109064, 6549520, 5628076, 5194532, 5628075, 5194531, 5628077, 5194529]
[6545771, 6197103, 7110450, 7110506, 7106679, 6548338, 5333207, 5159576, 5333205, 5159575, 5333208, 5159572]
[6546347, 6201712, 7112028, 7112073, 7108256, 6549153, 5534664, 5183205, 5534667, 5183204, 5534666, 5183202]
[6545771, 6197103, 7110431, 7110504, 7106675, 6548354, 5336335, 5161891, 5336334, 5161890, 5336337, 5161885]
[6546604, 6204163, 7112806, 7112865, 7109083, 6549531, 5630780, 5196437, 5630779, 5196436, 5630782, 5196434]
[6546017, 6199384, 7111322, 7111377, 7107554, 6548790, 5424161, 5170959, 5424158, 5170958, 5424160, 5170956]
[6546525, 6203286, 7112492, 7112530, 7108739, 6549384, 5588955, 5189811, 5588954, 5189810, 5588957, 5189808]
[6546604, 6204163, 7112777, 7112938, 7109160, 6549533, 5630794, 5196484, 5630793, 5196483, 5630795, 5196481]
[6546604, 6204163, 7112786, 7112851, 7109064, 6549518, 5627506, 5194520, 5627504, 5194519, 5627507, 5194226]
[6545477, 6193858, 7109526, 7109729, 7105900, 6547975, 5239697, 5150313, 5239695, 5150312, 5239699, 5150310]
[6545938, 6198633, 7111015, 7111083, 7107234, 6548643, 5391396, 5166946, 5391395, 5166945, 5391398, 5166943]
[6546170, 6200451, 7111517, 7111581, 7107747, 6548870, 5463731, 5174439, 5463730, 5174438, 5463732, 5174436]
[6546604, 6204163, 7112785, 7112859, 7109074, 6549520, 5628076, 5194532, 5628075, 5194531, 5628077, 5194529]
[6545771, 6197103, 7110431, 7110504, 7106675, 6548337, 5333128, 5159569, 5333127, 5159568, 5333129, 5159522]
[6546525, 6203286, 7112450, 7112532, 7108743, 6549395, 5592012, 5192343, 5592011, 5192342, 5592013, 5192274]
[6546259, 6201189, 7111736, 7111820, 7108020, 6549007, 5500440, 5178685, 5500438, 5178684, 5500442, 5178682]
[6545680, 6196360, 7110184, 7110281, 7106455, 6548248, 5301911, 5156744, 5301909, 5156743, 5301912, 5156113]
[6546017, 6199384, 7111308, 7111374, 7107550, 6548788, 5423975, 5170721, 5423974, 5170720, 5423976, 5170710]
[6545771, 6197103, 7110424, 7110495, 7106663, 6548355, 5336340, 5161897, 5336339, 5161896, 5336342, 5161894]
[6545771, 6197103, 7110420, 7110516, 7106691, 6548354, 5336335, 5161891, 5336334, 5161890, 5336337, 5161885]
[6545771, 6197103, 7110450, 7110506, 7106679, 6548349, 5336214, 5161837, 5336211, 5161836, 5336213, 5161772]
[6545865, 6198043, 7110789, 7110888, 7107055, 6548517, 5363686, 5165321, 5363684, 5165320, 5363687, 5165318]
[6546347, 6201712, 7112025, 7112149, 7108361, 6549169, 5536931, 5184755, 5536930, 5184754, 5536933, 5184743]
[6546525, 6203286, 7112459, 7112523, 7108731, 6549384, 5588955, 5189811, 5588954, 5189810, 5588957, 5189808]
[6546347, 6201712, 7112009, 7112079, 7108264, 6549169, 5536931, 5184755, 5536930, 5184754, 5536933, 5184743]
[6545865, 6198043, 7110813, 7110950, 7107119, 6548517, 5363686, 5165321, 5363684, 5165320, 5363687, 5165318]
[6545580, 6195336, 7109937, 7110010, 7106189, 6548099, 5266311, 5153155, 5266310, 5153154, 5266312, 5153152]
[6546433, 6202220, 7112270, 7112312, 7108529, 6549285, 5561555, 5186846, 5561554, 5186845, 5561557, 5186803]
[6546347, 6201712, 7111998, 7112066, 7108248, 6549165, 5536657, 5184682, 5536656, 5184681, 5536658, 5184401]
[6545771, 6197103, 7110429, 7110498, 7106667, 6548349, 5336214, 5161837, 5336211, 5161836, 5336213, 5161772]
[6545865, 6198043, 7110803, 7110876, 7107041, 6548505, 5362111, 5164479, 5362109, 5164478, 5362112, 5164432]
[6546017, 6199384, 7111308, 7111374, 7107550, 6548790, 5424161, 5170959, 5424158, 5170958, 5424160, 5170956]
[6546604, 6204163, 7112775, 7112855, 7109068, 6549531, 5630780, 5196437, 5630779, 5196436, 5630782, 5196434]
[6546604, 6204163, 7112764, 7112944, 7109170, 6549531, 5630780, 5196437, 5630779, 5196436, 5630782, 5196434]
[6545477, 6193858, 7109502, 7109715, 7105801, 6547958, 5237158, 5147609, 5237156, 5147608, 5237159, 5147558]
[6546259, 6201189, 7111772, 7111806, 7107998, 6549001, 5499253, 5178360, 5499251, 5178359, 5499254, 5178079]
[6546604, 6204163, 7112795, 7112868, 7109087, 6549530, 5630680, 5196431, 5630678, 5196430, 5630681, 5196355]
[6545680, 6196360, 7110202, 7110299, 7106473, 6548248, 5301911, 5156744, 5301909, 5156743, 5301912, 5156113]
[6545580, 6195336, 7109938, 7110016, 7106197, 6548099, 5266311, 5153155, 5266310, 5153154, 5266312, 5153152]
[6546347, 6201712, 7112005, 7112063, 7108244, 6549149, 5534486, 5183134, 5534485, 5183133, 5534487, 5183126]
[6546604, 6204163, 7112799, 7112848, 7109060, 6549520, 5628076, 5194532, 5628075, 5194531, 5628077, 5194529]
[6545477, 6193858, 7109499, 7109723, 7105857, 6547959, 5237385, 5147615, 5237384, 5147614, 5237387, 5147612]
[6545771, 6197103, 7110416, 7110501, 7106671, 6548355, 5336340, 5161897, 5336339, 5161896, 5336342, 5161894]
[6546604, 6204163, 7112790, 7112862, 7109079, 6549532, 5630785, 5196478, 5630783, 5196477, 5630786, 5196441]
[6546347, 6201712, 7112009, 7112079, 7108264, 6549166, 5536884, 5184717, 5536881, 5184716, 5536883, 5184686]
[6546347, 6201712, 7111997, 7112080, 7108267, 6549166, 5536884, 5184717, 5536881, 5184716, 5536883, 5184686]
[6546347, 6201712, 7112011, 7112153, 7108366, 6549169, 5536931, 5184755, 5536930, 5184754, 5536933, 5184743]
[6545865, 6198043, 7110808, 7110946, 7107113, 6548519, 5363737, 5165400, 5363734, 5165399, 5363736, 5165381]
[6546347, 6201712, 7112015, 7112162, 7108378, 6549169, 5536931, 5184755, 5536930, 5184754, 5536933, 5184743]
[6546170, 6200451, 7111517, 7111581, 7107747, 6548866, 5463488, 5174372, 5463487, 5174371, 5463490, 5174364]
[6546347, 6201712, 7111997, 7112080, 7108267, 6549165, 5536657, 5184682, 5536656, 5184681, 5536658, 5184401]
[6546347, 6201712, 7111998, 7112066, 7108248, 6549166, 5536884, 5184717, 5536881, 5184716, 5536883, 5184686]
[6545580, 6195336, 7109951, 7110003, 7106181, 6548099, 5266311, 5153155, 5266310, 5153154, 5266312, 5153152]
[6545771, 6197103, 7110444, 7110513, 7106687, 6548355, 5336340, 5161897, 5336339, 5161896, 5336342, 5161894]
[6546604, 6204163, 7112777, 7112938, 7109160, 6549531, 5630780, 5196437, 5630779, 5196436, 5630782, 5196434]
[6545580, 6195336, 7109936, 7110013, 7106193, 6548099, 5266311, 5153155, 5266310, 5153154, 5266312, 5153152]
[6546433, 6202220, 7112252, 7112315, 7108532, 6549286, 5561663, 5186870, 5561661, 5186869, 5561664, 5186849]
[6546604, 6204163, 7112783, 7112857, 7109071, 6549532, 5630785, 5196478, 5630783, 5196477, 5630786, 5196441]
[6545771, 6197103, 7110424, 7110495, 7106663, 6548335, 5333039, 5159513, 5333037, 5159512, 5333038, 5159510]
[6546347, 6201712, 7112018, 7112070, 7108252, 6549169, 5536931, 5184755, 5536930, 5184754, 5536933, 5184743]
[6546604, 6204163, 7112791, 7112951, 7109178, 6549533, 5630794, 5196484, 5630793, 5196483, 5630795, 5196481]
[6546170, 6200451, 7111517, 7111581, 7107747, 6548867, 5463613, 5174378, 5463612, 5174377, 5463615, 5174375]
[6546604, 6204163, 7112795, 7112868, 7109087, 6549532, 5630785, 5196478, 5630783, 5196477, 5630786, 5196441]
[6546017, 6199384, 7111336, 7111386, 7107566, 6548793, 5424395, 5171031, 5424394, 5171030, 5424396, 5171028]
[6545865, 6198043, 7110823, 7110867, 7107029, 6548501, 5361928, 5164407, 5361926, 5164406, 5361929, 5164174]
[6546170, 6200451, 7111524, 7111583, 7107752, 6548866, 5463488, 5174372, 5463487, 5174371, 5463490, 5174364]
[6545477, 6193858, 7109529, 7109835, 7106022, 6547975, 5239697, 5150313, 5239695, 5150312, 5239699, 5150310]
[6546259, 6201189, 7111766, 7111809, 7108003, 6549007, 5500440, 5178685, 5500438, 5178684, 5500442, 5178682]
[6545477, 6193858, 7109494, 7109709, 7105761, 6547959, 5237385, 5147615, 5237384, 5147614, 5237387, 5147612]
[6545865, 6198043, 7110800, 7110958, 7107129, 6548519, 5363737, 5165400, 5363734, 5165399, 5363736, 5165381]
[6545938, 6198633, 7111022, 7111091, 7107244, 6548643, 5391396, 5166946, 5391395, 5166945, 5391398, 5166943]
[6545865, 6198043, 7110803, 7110876, 7107041, 6548519, 5363737, 5165400, 5363734, 5165399, 5363736, 5165381]
[6545477, 6193858, 7109502, 7109715, 7105801, 6547975, 5239697, 5150313, 5239695, 5150312, 5239699, 5150310]
[6545680, 6196360, 7110189, 7110276, 7106447, 6548250, 5302270, 5156840, 5302273, 5156839, 5302271, 5156832]
[6546525, 6203286, 7112450, 7112532, 7108743, 6549385, 5588960, 5189817, 5588959, 5189816, 5588962, 5189814]
[6545680, 6196360, 7110184, 7110281, 7106455, 6548250, 5302270, 5156840, 5302273, 5156839, 5302271, 5156832]
[6545680, 6196360, 7110214, 7110307, 7106489, 6548250, 5302270, 5156840, 5302273, 5156839, 5302271, 5156832]
[6545477, 6193858, 7109516, 7109717, 7105825, 6547958, 5237158, 5147609, 5237156, 5147608, 5237159, 5147558]
[6545580, 6195336, 7109946, 7110018, 7106201, 6548105, 5267019, 5153768, 5267016, 5153767, 5267018, 5153757]
[6545938, 6198633, 7111030, 7111094, 7107248, 6548644, 5391401, 5166952, 5391400, 5166951, 5391402, 5166949]
[6546347, 6201712, 7112002, 7112061, 7108239, 6549152, 5534501, 5183199, 5534499, 5183198, 5534502, 5183151]
[6545580, 6195336, 7109951, 7110003, 7106181, 6548094, 5265992, 5153080, 5265994, 5153079, 5265993, 5152868]
[6545580, 6195336, 7109937, 7110010, 7106189, 6548098, 5266306, 5153149, 5266305, 5153148, 5266308, 5153146]
[6545938, 6198633, 7111033, 7111103, 7107260, 6548654, 5393440, 5168066, 5393439, 5168065, 5393441, 5167794]
[6545938, 6198633, 7111053, 7111087, 7107240, 6548654, 5393440, 5168066, 5393439, 5168065, 5393441, 5167794]
[6545771, 6197103, 7110464, 7110640, 7106817, 6548354, 5336335, 5161891, 5336334, 5161890, 5336337, 5161885]
[6545771, 6197103, 7110420, 7110516, 7106691, 6548349, 5336214, 5161837, 5336211, 5161836, 5336213, 5161772]
[6546259, 6201189, 7111766, 7111809, 7108003, 6549014, 5503011, 5180189, 5503009, 5180188, 5503012, 5179849]
[6545771, 6197103, 7110445, 7110647, 7106827, 6548355, 5336340, 5161897, 5336339, 5161896, 5336342, 5161894]
[6545865, 6198043, 7110787, 7110874, 7107037, 6548517, 5363686, 5165321, 5363684, 5165320, 5363687, 5165318]
[6545771, 6197103, 7110416, 7110501, 7106671, 6548337, 5333128, 5159569, 5333127, 5159568, 5333129, 5159522]
[6546259, 6201189, 7111772, 7111806, 7107998, 6549003, 5499893, 5178372, 5499892, 5178371, 5499895, 5178369]
[6545938, 6198633, 7111020, 7111096, 7107252, 6548644, 5391401, 5166952, 5391400, 5166951, 5391402, 5166949]
[6546604, 6204163, 7112786, 7112851, 7109064, 6549533, 5630794, 5196484, 5630793, 5196483, 5630795, 5196481]
[6546604, 6204163, 7112804, 7112871, 7109091, 6549533, 5630794, 5196484, 5630793, 5196483, 5630795, 5196481]
[6546604, 6204163, 7112783, 7112857, 7109071, 6549533, 5630794, 5196484, 5630793, 5196483, 5630795, 5196481]
[6545580, 6195336, 7109951, 7110003, 7106181, 6548098, 5266306, 5153149, 5266305, 5153148, 5266308, 5153146]
[6545865, 6198043, 7110789, 7110888, 7107055, 6548518, 5363691, 5165377, 5363690, 5165376, 5363693, 5165324]
[6546604, 6204163, 7112783, 7112857, 7109071, 6549520, 5628076, 5194532, 5628075, 5194531, 5628077, 5194529]
[6545771, 6197103, 7110458, 7110644, 7106823, 6548352, 5336312, 5161843, 5336311, 5161842, 5336313, 5161840]
[6546604, 6204163, 7112786, 7112851, 7109064, 6549519, 5628032, 5194526, 5628029, 5194525, 5628033, 5194523]
[6545680, 6196360, 7110189, 7110276, 7106447, 6548241, 5300324, 5155670, 5300322, 5155669, 5300326, 5155667]
[6546259, 6201189, 7111775, 7111818, 7108015, 6549013, 5502816, 5179844, 5502815, 5179843, 5502818, 5179684]
[6545771, 6197103, 7110444, 7110513, 7106687, 6548349, 5336214, 5161837, 5336211, 5161836, 5336213, 5161772]
[6545771, 6197103, 7110446, 7110650, 7106831, 6548354, 5336335, 5161891, 5336334, 5161890, 5336337, 5161885]
[6546347, 6201712, 7111987, 7112103, 7108295, 6549166, 5536884, 5184717, 5536881, 5184716, 5536883, 5184686]
[6546017, 6199384, 7111317, 7111381, 7107558, 6548790, 5424161, 5170959, 5424158, 5170958, 5424160, 5170956]
[6545680, 6196360, 7110220, 7110264, 7106431, 6548250, 5302270, 5156840, 5302273, 5156839, 5302271, 5156832]
[6546604, 6204163, 7112790, 7112862, 7109079, 6549531, 5630780, 5196437, 5630779, 5196436, 5630782, 5196434]
[6545865, 6198043, 7110824, 7110882, 7107049, 6548517, 5363686, 5165321, 5363684, 5165320, 5363687, 5165318]
[6546259, 6201189, 7111772, 7111806, 7107998, 6549013, 5502816, 5179844, 5502815, 5179843, 5502818, 5179684]
[6546347, 6201712, 7112018, 7112070, 7108252, 6549152, 5534501, 5183199, 5534499, 5183198, 5534502, 5183151]
[6545680, 6196360, 7110201, 7110272, 7106442, 6548241, 5300324, 5155670, 5300322, 5155669, 5300326, 5155667]
[6546170, 6200451, 7111503, 7111591, 7107764, 6548871, 5463735, 5174445, 5463738, 5174444, 5463736, 5174441]
[6545771, 6197103, 7110431, 7110504, 7106675, 6548352, 5336312, 5161843, 5336311, 5161842, 5336313, 5161840]
[6545938, 6198633, 7111015, 7111083, 7107234, 6548642, 5391269, 5166940, 5391268, 5166938, 5391270, 5166751]
[6545938, 6198633, 7111022, 7111091, 7107244, 6548642, 5391269, 5166940, 5391268, 5166938, 5391270, 5166751]
[6545865, 6198043, 7110823, 7110867, 7107029, 6548518, 5363691, 5165377, 5363690, 5165376, 5363693, 5165324]
[6546347, 6201712, 7112002, 7112061, 7108239, 6549165, 5536657, 5184682, 5536656, 5184681, 5536658, 5184401]
[6546604, 6204163, 7112783, 7112857, 7109071, 6549530, 5630680, 5196431, 5630678, 5196430, 5630681, 5196355]
[6546604, 6204163, 7112804, 7112871, 7109091, 6549530, 5630680, 5196431, 5630678, 5196430, 5630681, 5196355]
[6545865, 6198043, 7110800, 7110958, 7107129, 6548518, 5363691, 5165377, 5363690, 5165376, 5363693, 5165324]
[6545477, 6193858, 7109502, 7109715, 7105801, 6547956, 5237124, 5147548, 5237123, 5147547, 5237126, 5147542]
[6545477, 6193858, 7109498, 7109825, 7106007, 6547975, 5239697, 5150313, 5239695, 5150312, 5239699, 5150310]
[6546604, 6204163, 7112781, 7112920, 7109142, 6549531, 5630780, 5196437, 5630779, 5196436, 5630782, 5196434]
[6546604, 6204163, 7112764, 7112944, 7109170, 6549533, 5630794, 5196484, 5630793, 5196483, 5630795, 5196481]
[6546347, 6201712, 7112028, 7112073, 7108256, 6549166, 5536884, 5184717, 5536881, 5184716, 5536883, 5184686]
[6546259, 6201189, 7111735, 7111823, 7108024, 6549014, 5503011, 5180189, 5503009, 5180188, 5503012, 5179849]
[6546525, 6203286, 7112456, 7112526, 7108735, 6549384, 5588955, 5189811, 5588954, 5189810, 5588957, 5189808]
[6546604, 6204163, 7112806, 7112865, 7109083, 6549533, 5630794, 5196484, 5630793, 5196483, 5630795, 5196481]
[6545680, 6196360, 7110201, 7110272, 7106442, 6548248, 5301911, 5156744, 5301909, 5156743, 5301912, 5156113]
[6546604, 6204163, 7112799, 7112848, 7109060, 6549531, 5630780, 5196437, 5630779, 5196436, 5630782, 5196434]
[6545680, 6196360, 7110202, 7110299, 7106473, 6548250, 5302270, 5156840, 5302273, 5156839, 5302271, 5156832]
[6545771, 6197103, 7110416, 7110501, 7106671, 6548352, 5336312, 5161843, 5336311, 5161842, 5336313, 5161840]
[6546525, 6203286, 7112471, 7112538, 7108751, 6549395, 5592012, 5192343, 5592011, 5192342, 5592013, 5192274]
[6545477, 6193858, 7109511, 7109727, 7105879, 6547975, 5239697, 5150313, 5239695, 5150312, 5239699, 5150310]
[6545680, 6196360, 7110219, 7110262, 7106428, 6548237, 5299861, 5155404, 5299859, 5155403, 5299862, 5155399]
[6545865, 6198043, 7110834, 7110891, 7107059, 6548519, 5363737, 5165400, 5363734, 5165399, 5363736, 5165381]
[6545477, 6193858, 7109494, 7109709, 7105761, 6547958, 5237158, 5147609, 5237156, 5147608, 5237159, 5147558]
[6546525, 6203286, 7112448, 7112536, 7108747, 6549395, 5592012, 5192343, 5592011, 5192342, 5592013, 5192274]
[6545865, 6198043, 7110793, 7110871, 7107033, 6548503, 5362034, 5164420, 5362033, 5164419, 5362035, 5164417]
[6545865, 6198043, 7110829, 7110954, 7107125, 6548518, 5363691, 5165377, 5363690, 5165376, 5363693, 5165324]
[6545771, 6197103, 7110458, 7110644, 7106823, 6548354, 5336335, 5161891, 5336334, 5161890, 5336337, 5161885]
[6545680, 6196360, 7110227, 7110268, 7106435, 6548241, 5300324, 5155670, 5300322, 5155669, 5300326, 5155667]
[6545771, 6197103, 7110431, 7110504, 7106675, 6548355, 5336340, 5161897, 5336339, 5161896, 5336342, 5161894]
[6545477, 6193858, 7109496, 7109711, 7105783, 6547975, 5239697, 5150313, 5239695, 5150312, 5239699, 5150310]
[6546347, 6201712, 7112028, 7112073, 7108256, 6549165, 5536657, 5184682, 5536656, 5184681, 5536658, 5184401]
[6545865, 6198043, 7110786, 7110879, 7107045, 6548518, 5363691, 5165377, 5363690, 5165376, 5363693, 5165324]
[6545477, 6193858, 7109516, 7109717, 7105825, 6547959, 5237385, 5147615, 5237384, 5147614, 5237387, 5147612]
[6545865, 6198043, 7110793, 7110871, 7107033, 6548517, 5363686, 5165321, 5363684, 5165320, 5363687, 5165318]
[6545938, 6198633, 7111012, 7111099, 7107256, 6548654, 5393440, 5168066, 5393439, 5168065, 5393441, 5167794]
[6546347, 6201712, 7112018, 7112070, 7108252, 6549153, 5534664, 5183205, 5534667, 5183204, 5534666, 5183202]
[6546604, 6204163, 7112786, 7112851, 7109064, 6549515, 5627493, 5194209, 5627491, 5194208, 5627492, 5194206]
[6546525, 6203286, 7112453, 7112541, 7108755, 6549395, 5592012, 5192343, 5592011, 5192342, 5592013, 5192274]
[6545580, 6195336, 7109966, 7110007, 7106185, 6548105, 5267019, 5153768, 5267016, 5153767, 5267018, 5153757]
[6545865, 6198043, 7110803, 7110876, 7107041, 6548517, 5363686, 5165321, 5363684, 5165320, 5363687, 5165318]
[6545477, 6193858, 7109516, 7109717, 7105825, 6547974, 5239637, 5150307, 5239635, 5150306, 5239638, 5150283]
[6546347, 6201712, 7111999, 7112076, 7108260, 6549166, 5536884, 5184717, 5536881, 5184716, 5536883, 5184686]
[6546525, 6203286, 7112473, 7112521, 7108727, 6549395, 5592012, 5192343, 5592011, 5192342, 5592013, 5192274]
[6546525, 6203286, 7112459, 7112523, 7108731, 6549398, 5592072, 5192469, 5592071, 5192468, 5592073, 5192346]
[6546347, 6201712, 7112002, 7112061, 7108239, 6549153, 5534664, 5183205, 5534667, 5183204, 5534666, 5183202]
[6546604, 6204163, 7112799, 7112848, 7109060, 6549514, 5627290, 5194203, 5627289, 5194202, 5627292, 5193963]
[6545680, 6196360, 7110194, 7110287, 7106463, 6548250, 5302270, 5156840, 5302273, 5156839, 5302271, 5156832]
[6546347, 6201712, 7112018, 7112070, 7108252, 6549166, 5536884, 5184717, 5536881, 5184716, 5536883, 5184686]
[6546604, 6204163, 7112777, 7112938, 7109160, 6549532, 5630785, 5196478, 5630783, 5196477, 5630786, 5196441]
[6545477, 6193858, 7109496, 7109711, 7105783, 6547955, 5237022, 5147539, 5237021, 5147538, 5237024, 5147298]
[6546259, 6201189, 7111735, 7111823, 7108024, 6549007, 5500440, 5178685, 5500438, 5178684, 5500442, 5178682]
[6545680, 6196360, 7110180, 7110270, 7106438, 6548250, 5302270, 5156840, 5302273, 5156839, 5302271, 5156832]
[6546259, 6201189, 7111736, 7111820, 7108020, 6549013, 5502816, 5179844, 5502815, 5179843, 5502818, 5179684]
[6546525, 6203286, 7112459, 7112523, 7108731, 6549395, 5592012, 5192343, 5592011, 5192342, 5592013, 5192274]
[6546433, 6202220, 7112270, 7112312, 7108529, 6549286, 5561663, 5186870, 5561661, 5186869, 5561664, 5186849]
[6545865, 6198043, 7110804, 7110885, 7107052, 6548519, 5363737, 5165400, 5363734, 5165399, 5363736, 5165381]
[6545865, 6198043, 7110823, 7110867, 7107029, 6548517, 5363686, 5165321, 5363684, 5165320, 5363687, 5165318]
[6545580, 6195336, 7109966, 7110007, 7106185, 6548095, 5265997, 5153086, 5265996, 5153085, 5265998, 5153083]
[6546525, 6203286, 7112450, 7112532, 7108743, 6549384, 5588955, 5189811, 5588954, 5189810, 5588957, 5189808]
[6546525, 6203286, 7112492, 7112530, 7108739, 6549383, 5588782, 5189805, 5588780, 5189804, 5588784, 5189761]
[6546170, 6200451, 7111503, 7111591, 7107764, 6548870, 5463731, 5174439, 5463730, 5174438, 5463732, 5174436]
[6545771, 6197103, 7110424, 7110495, 7106663, 6548337, 5333128, 5159569, 5333127, 5159568, 5333129, 5159522]
[6546525, 6203286, 7112473, 7112521, 7108727, 6549398, 5592072, 5192469, 5592071, 5192468, 5592073, 5192346]
[6546604, 6204163, 7112785, 7112859, 7109074, 6549531, 5630780, 5196437, 5630779, 5196436, 5630782, 5196434]
[6545680, 6196360, 7110222, 7110278, 7106451, 6548248, 5301911, 5156744, 5301909, 5156743, 5301912, 5156113]
[6545580, 6195336, 7109936, 7110013, 7106193, 6548098, 5266306, 5153149, 5266305, 5153148, 5266308, 5153146]
[6545865, 6198043, 7110787, 7110874, 7107037, 6548503, 5362034, 5164420, 5362033, 5164419, 5362035, 5164417]
[6546525, 6203286, 7112491, 7112692, 7108931, 6549395, 5592012, 5192343, 5592011, 5192342, 5592013, 5192274]
[6545938, 6198633, 7111053, 7111087, 7107240, 6548642, 5391269, 5166940, 5391268, 5166938, 5391270, 5166751]
[6546525, 6203286, 7112456, 7112526, 7108735, 6549395, 5592012, 5192343, 5592011, 5192342, 5592013, 5192274]
[6546604, 6204163, 7112773, 7112947, 7109174, 6549532, 5630785, 5196478, 5630783, 5196477, 5630786, 5196441]
[6546525, 6203286, 7112490, 7112517, 7108722, 6549381, 5588773, 5189748, 5588772, 5189747, 5588774, 5189745]
[6546347, 6201712, 7112005, 7112063, 7108244, 6549152, 5534501, 5183199, 5534499, 5183198, 5534502, 5183151]
[6545477, 6193858, 7109518, 7109721, 7105835, 6547959, 5237385, 5147615, 5237384, 5147614, 5237387, 5147612]
[6546017, 6199384, 7111322, 7111377, 7107554, 6548793, 5424395, 5171031, 5424394, 5171030, 5424396, 5171028]
[6545580, 6195336, 7109936, 7110013, 7106193, 6548097, 5266054, 5153143, 5266052, 5153142, 5266053, 5153096]
[6546259, 6201189, 7111738, 7111812, 7108007, 6549003, 5499893, 5178372, 5499892, 5178371, 5499895, 5178369]
[6546525, 6203286, 7112473, 7112521, 7108727, 6549384, 5588955, 5189811, 5588954, 5189810, 5588957, 5189808]
[6546525, 6203286, 7112450, 7112532, 7108743, 6549398, 5592072, 5192469, 5592071, 5192468, 5592073, 5192346]
[6545771, 6197103, 7110424, 7110495, 7106663, 6548354, 5336335, 5161891, 5336334, 5161890, 5336337, 5161885]
[6545865, 6198043, 7110824, 7110882, 7107049, 6548518, 5363691, 5165377, 5363690, 5165376, 5363693, 5165324]
[6546347, 6201712, 7111998, 7112066, 7108248, 6549153, 5534664, 5183205, 5534667, 5183204, 5534666, 5183202]
[6545771, 6197103, 7110464, 7110640, 7106817, 6548353, 5336318, 5161882, 5336316, 5161881, 5336317, 5161846]
[6545680, 6196360, 7110194, 7110287, 7106463, 6548248, 5301911, 5156744, 5301909, 5156743, 5301912, 5156113]
[6545580, 6195336, 7109937, 7110010, 7106189, 6548097, 5266054, 5153143, 5266052, 5153142, 5266053, 5153096]
[6546017, 6199384, 7111326, 7111392, 7107574, 6548793, 5424395, 5171031, 5424394, 5171030, 5424396, 5171028]
[6546604, 6204163, 7112775, 7112855, 7109068, 6549533, 5630794, 5196484, 5630793, 5196483, 5630795, 5196481]
[6545580, 6195336, 7109943, 7110066, 7106261, 6548105, 5267019, 5153768, 5267016, 5153767, 5267018, 5153757]
[6545477, 6193858, 7109494, 7109709, 7105761, 6547974, 5239637, 5150307, 5239635, 5150306, 5239638, 5150283]
[6546347, 6201712, 7112005, 7112063, 7108244, 6549150, 5534491, 5183141, 5534490, 5183140, 5534492, 5183138]
[6545771, 6197103, 7110453, 7110510, 7106683, 6548349, 5336214, 5161837, 5336211, 5161836, 5336213, 5161772]
[6546170, 6200451, 7111524, 7111583, 7107752, 6548871, 5463735, 5174445, 5463738, 5174444, 5463736, 5174441]
[6545580, 6195336, 7109935, 7110022, 7106205, 6548105, 5267019, 5153768, 5267016, 5153767, 5267018, 5153757]
[6545680, 6196360, 7110219, 7110262, 7106428, 6548250, 5302270, 5156840, 5302273, 5156839, 5302271, 5156832]
[6545771, 6197103, 7110444, 7110513, 7106687, 6548354, 5336335, 5161891, 5336334, 5161890, 5336337, 5161885]
[6546170, 6200451, 7111517, 7111581, 7107747, 6548871, 5463735, 5174445, 5463738, 5174444, 5463736, 5174441]
[6546525, 6203286, 7112492, 7112530, 7108739, 6549398, 5592072, 5192469, 5592071, 5192468, 5592073, 5192346]
[6545771, 6197103, 7110450, 7110506, 7106679, 6548339, 5333213, 5159583, 5333210, 5159582, 5333212, 5159580]
[6546347, 6201712, 7111999, 7112076, 7108260, 6549165, 5536657, 5184682, 5536656, 5184681, 5536658, 5184401]
[6546604, 6204163, 7112782, 7112940, 7109164, 6549530, 5630680, 5196431, 5630678, 5196430, 5630681, 5196355]
[6545477, 6193858, 7109494, 7109709, 7105761, 6547954, 5236460, 5147294, 5236459, 5147293, 5236462, 5147222]
[6546259, 6201189, 7111764, 7111815, 7108011, 6549007, 5500440, 5178685, 5500438, 5178684, 5500442, 5178682]
[6545771, 6197103, 7110429, 7110498, 7106667, 6548338, 5333207, 5159576, 5333205, 5159575, 5333208, 5159572]
[6546604, 6204163, 7112790, 7112862, 7109079, 6549520, 5628076, 5194532, 5628075, 5194531, 5628077, 5194529]
[6546604, 6204163, 7112786, 7112851, 7109064, 6549531, 5630780, 5196437, 5630779, 5196436, 5630782, 5196434]
[6546347, 6201712, 7111999, 7112076, 7108260, 6549153, 5534664, 5183205, 5534667, 5183204, 5534666, 5183202]
[6546604, 6204163, 7112775, 7112855, 7109068, 6549519, 5628032, 5194526, 5628029, 5194525, 5628033, 5194523]
[6546347, 6201712, 7112009, 7112079, 7108264, 6549165, 5536657, 5184682, 5536656, 5184681, 5536658, 5184401]
[6545771, 6197103, 7110429, 7110498, 7106667, 6548339, 5333213, 5159583, 5333210, 5159582, 5333212, 5159580]
[6546525, 6203286, 7112459, 7112523, 7108731, 6549385, 5588960, 5189817, 5588959, 5189816, 5588962, 5189814]
[6545938, 6198633, 7111050, 7111085, 7107237, 6548644, 5391401, 5166952, 5391400, 5166951, 5391402, 5166949]
[6545771, 6197103, 7110429, 7110498, 7106667, 6548355, 5336340, 5161897, 5336339, 5161896, 5336342, 5161894]
[6546525, 6203286, 7112490, 7112517, 7108722, 6549395, 5592012, 5192343, 5592011, 5192342, 5592013, 5192274]
[6546604, 6204163, 7112781, 7112920, 7109142, 6549532, 5630785, 5196478, 5630783, 5196477, 5630786, 5196441]
[6545680, 6196360, 7110219, 7110262, 7106428, 6548241, 5300324, 5155670, 5300322, 5155669, 5300326, 5155667]
[6546017, 6199384, 7111322, 7111377, 7107554, 6548789, 5424073, 5170953, 5424072, 5170952, 5424075, 5170724]
[6546347, 6201712, 7111996, 7112083, 7108270, 6549169, 5536931, 5184755, 5536930, 5184754, 5536933, 5184743]
[6546347, 6201712, 7112002, 7112061, 7108239, 6549150, 5534491, 5183141, 5534490, 5183140, 5534492, 5183138]
[6545580, 6195336, 7109966, 7110007, 7106185, 6548097, 5266054, 5153143, 5266052, 5153142, 5266053, 5153096]
[6545477, 6193858, 7109518, 7109721, 7105835, 6547974, 5239637, 5150307, 5239635, 5150306, 5239638, 5150283]
[6546347, 6201712, 7112010, 7112159, 7108374, 6549169, 5536931, 5184755, 5536930, 5184754, 5536933, 5184743]
[6546525, 6203286, 7112456, 7112526, 7108735, 6549398, 5592072, 5192469, 5592071, 5192468, 5592073, 5192346]
[6546525, 6203286, 7112490, 7112517, 7108722, 6549385, 5588960, 5189817, 5588959, 5189816, 5588962, 5189814]
[6546170, 6200451, 7111528, 7111594, 7107768, 6548871, 5463735, 5174445, 5463738, 5174444, 5463736, 5174441]
[6546525, 6203286, 7112448, 7112536, 7108747, 6549385, 5588960, 5189817, 5588959, 5189816, 5588962, 5189814]
[6546259, 6201189, 7111766, 7111809, 7108003, 6549002, 5499888, 5178366, 5499887, 5178365, 5499890, 5178363]
[6546525, 6203286, 7112459, 7112523, 7108731, 6549381, 5588773, 5189748, 5588772, 5189747, 5588774, 5189745]
[6546525, 6203286, 7112448, 7112536, 7108747, 6549398, 5592072, 5192469, 5592071, 5192468, 5592073, 5192346]
[6546170, 6200451, 7111531, 7111589, 7107760, 6548869, 5463623, 5174433, 5463620, 5174432, 5463625, 5174387]
[6545771, 6197103, 7110429, 7110498, 7106667, 6548352, 5336312, 5161843, 5336311, 5161842, 5336313, 5161840]
[6546604, 6204163, 7112790, 7112862, 7109079, 6549533, 5630794, 5196484, 5630793, 5196483, 5630795, 5196481]
[6546017, 6199384, 7111308, 7111374, 7107550, 6548793, 5424395, 5171031, 5424394, 5171030, 5424396, 5171028]
[6546259, 6201189, 7111738, 7111812, 7108007, 6549007, 5500440, 5178685, 5500438, 5178684, 5500442, 5178682]
[6546259, 6201189, 7111761, 7111885, 7108096, 6549013, 5502816, 5179844, 5502815, 5179843, 5502818, 5179684]
[6546259, 6201189, 7111761, 7111885, 7108096, 6549014, 5503011, 5180189, 5503009, 5180188, 5503012, 5179849]
[6546170, 6200451, 7111517, 7111581, 7107747, 6548869, 5463623, 5174433, 5463620, 5174432, 5463625, 5174387]
[6545680, 6196360, 7110220, 7110264, 7106431, 6548241, 5300324, 5155670, 5300322, 5155669, 5300326, 5155667]
[6545865, 6198043, 7110813, 7110950, 7107119, 6548518, 5363691, 5165377, 5363690, 5165376, 5363693, 5165324]
[6546259, 6201189, 7111772, 7111806, 7107998, 6549006, 5500435, 5178679, 5500434, 5178678, 5500436, 5178671]
[6545865, 6198043, 7110829, 7110954, 7107125, 6548517, 5363686, 5165321, 5363684, 5165320, 5363687, 5165318]
[6546347, 6201712, 7112025, 7112149, 7108361, 6549166, 5536884, 5184717, 5536881, 5184716, 5536883, 5184686]
[6545580, 6195336, 7109927, 7110024, 7106209, 6548105, 5267019, 5153768, 5267016, 5153767, 5267018, 5153757]
[6546604, 6204163, 7112806, 7112865, 7109083, 6549532, 5630785, 5196478, 5630783, 5196477, 5630786, 5196441]
[6545865, 6198043, 7110804, 7110885, 7107052, 6548517, 5363686, 5165321, 5363684, 5165320, 5363687, 5165318]
[6546347, 6201712, 7111999, 7112076, 7108260, 6549169, 5536931, 5184755, 5536930, 5184754, 5536933, 5184743]
[6545865, 6198043, 7110804, 7110885, 7107052, 6548518, 5363691, 5165377, 5363690, 5165376, 5363693, 5165324]
[6546347, 6201712, 7111996, 7112083, 7108270, 6549165, 5536657, 5184682, 5536656, 5184681, 5536658, 5184401]
[6545477, 6193858, 7109511, 7109727, 7105879, 6547974, 5239637, 5150307, 5239635, 5150306, 5239638, 5150283]
[6545771, 6197103, 7110431, 7110504, 7106675, 6548339, 5333213, 5159583, 5333210, 5159582, 5333212, 5159580]
[6545771, 6197103, 7110420, 7110516, 7106691, 6548352, 5336312, 5161843, 5336311, 5161842, 5336313, 5161840]
[6545477, 6193858, 7109498, 7109825, 7106007, 6547974, 5239637, 5150307, 5239635, 5150306, 5239638, 5150283]
[6545771, 6197103, 7110416, 7110501, 7106671, 6548353, 5336318, 5161882, 5336316, 5161881, 5336317, 5161846]
[6545865, 6198043, 7110787, 7110874, 7107037, 6548519, 5363737, 5165400, 5363734, 5165399, 5363736, 5165381]
[6545865, 6198043, 7110824, 7110882, 7107049, 6548519, 5363737, 5165400, 5363734, 5165399, 5363736, 5165381]
[6546525, 6203286, 7112456, 7112526, 7108735, 6549383, 5588782, 5189805, 5588780, 5189804, 5588784, 5189761]
[6546259, 6201189, 7111766, 7111809, 7108003, 6549003, 5499893, 5178372, 5499892, 5178371, 5499895, 5178369]
[6545477, 6193858, 7109507, 7109732, 7105907, 6547975, 5239697, 5150313, 5239695, 5150312, 5239699, 5150310]
[6545771, 6197103, 7110445, 7110647, 7106827, 6548354, 5336335, 5161891, 5336334, 5161890, 5336337, 5161885]
[6546259, 6201189, 7111738, 7111812, 7108007, 6549014, 5503011, 5180189, 5503009, 5180188, 5503012, 5179849]
[6546259, 6201189, 7111758, 7111890, 7108104, 6549014, 5503011, 5180189, 5503009, 5180188, 5503012, 5179849]
[6546604, 6204163, 7112783, 7112857, 7109071, 6549519, 5628032, 5194526, 5628029, 5194525, 5628033, 5194523]
[6545580, 6195336, 7109938, 7110016, 7106197, 6548098, 5266306, 5153149, 5266305, 5153148, 5266308, 5153146]
[6545938, 6198633, 7111054, 7111140, 7107313, 6548654, 5393440, 5168066, 5393439, 5168065, 5393441, 5167794]
[6546259, 6201189, 7111775, 7111818, 7108015, 6549006, 5500435, 5178679, 5500434, 5178678, 5500436, 5178671]
[6545865, 6198043, 7110786, 7110879, 7107045, 6548505, 5362111, 5164479, 5362109, 5164478, 5362112, 5164432]
[6546347, 6201712, 7111998, 7112066, 7108248, 6549152, 5534501, 5183199, 5534499, 5183198, 5534502, 5183151]
[6546259, 6201189, 7111772, 7111806, 7107998, 6549014, 5503011, 5180189, 5503009, 5180188, 5503012, 5179849]
[6546525, 6203286, 7112490, 7112517, 7108722, 6549383, 5588782, 5189805, 5588780, 5189804, 5588784, 5189761]
[6545938, 6198633, 7111017, 7111081, 7107230, 6548654, 5393440, 5168066, 5393439, 5168065, 5393441, 5167794]
[6546259, 6201189, 7111772, 7111806, 7107998, 6549002, 5499888, 5178366, 5499887, 5178365, 5499890, 5178363]
[6546259, 6201189, 7111762, 7111827, 7108031, 6549013, 5502816, 5179844, 5502815, 5179843, 5502818, 5179684]
[6545771, 6197103, 7110453, 7110510, 7106683, 6548355, 5336340, 5161897, 5336339, 5161896, 5336342, 5161894]
[6545865, 6198043, 7110823, 7110867, 7107029, 6548502, 5362030, 5164414, 5362028, 5164413, 5362031, 5164411]
[6545938, 6198633, 7111053, 7111087, 7107240, 6548644, 5391401, 5166952, 5391400, 5166951, 5391402, 5166949]
[6546170, 6200451, 7111524, 7111583, 7107752, 6548869, 5463623, 5174433, 5463620, 5174432, 5463625, 5174387]
[6545938, 6198633, 7111015, 7111083, 7107234, 6548654, 5393440, 5168066, 5393439, 5168065, 5393441, 5167794]
[6546259, 6201189, 7111764, 7111815, 7108011, 6549014, 5503011, 5180189, 5503009, 5180188, 5503012, 5179849]
[6546525, 6203286, 7112492, 7112530, 7108739, 6549385, 5588960, 5189817, 5588959, 5189816, 5588962, 5189814]
[6546347, 6201712, 7111987, 7112103, 7108295, 6549169, 5536931, 5184755, 5536930, 5184754, 5536933, 5184743]
[6545680, 6196360, 7110180, 7110270, 7106438, 6548248, 5301911, 5156744, 5301909, 5156743, 5301912, 5156113]
[6546604, 6204163, 7112804, 7112871, 7109091, 6549531, 5630780, 5196437, 5630779, 5196436, 5630782, 5196434]
[6545771, 6197103, 7110416, 7110501, 7106671, 6548354, 5336335, 5161891, 5336334, 5161890, 5336337, 5161885]
[6545477, 6193858, 7109502, 7109715, 7105801, 6547959, 5237385, 5147615, 5237384, 5147614, 5237387, 5147612]
[6546259, 6201189, 7111750, 7111826, 7108028, 6549014, 5503011, 5180189, 5503009, 5180188, 5503012, 5179849]
[6546347, 6201712, 7111987, 7112103, 7108295, 6549165, 5536657, 5184682, 5536656, 5184681, 5536658, 5184401]
[6546259, 6201189, 7111775, 7111818, 7108015, 6549007, 5500440, 5178685, 5500438, 5178684, 5500442, 5178682]
[6545580, 6195336, 7109951, 7110003, 7106181, 6548105, 5267019, 5153768, 5267016, 5153767, 5267018, 5153757]
[6546604, 6204163, 7112786, 7112851, 7109064, 6549532, 5630785, 5196478, 5630783, 5196477, 5630786, 5196441]
[6545771, 6197103, 7110464, 7110640, 7106817, 6548352, 5336312, 5161843, 5336311, 5161842, 5336313, 5161840]
[6546604, 6204163, 7112781, 7112920, 7109142, 6549533, 5630794, 5196484, 5630793, 5196483, 5630795, 5196481]
[6545680, 6196360, 7110222, 7110278, 7106451, 6548250, 5302270, 5156840, 5302273, 5156839, 5302271, 5156832]
[6545771, 6197103, 7110450, 7110506, 7106679, 6548354, 5336335, 5161891, 5336334, 5161890, 5336337, 5161885]
[6545938, 6198633, 7111022, 7111091, 7107244, 6548644, 5391401, 5166952, 5391400, 5166951, 5391402, 5166949]
[6546604, 6204163, 7112806, 7112865, 7109083, 6549520, 5628076, 5194532, 5628075, 5194531, 5628077, 5194529]
[6546604, 6204163, 7112806, 7112865, 7109083, 6549530, 5630680, 5196431, 5630678, 5196430, 5630681, 5196355]
