[9509354, 9503293, 6831739, 8874096, 9509690, 6899641, 6676907, 6831744, 8353633, 7423834, 7428251]
[9508008, 9502116, 6824922, 8873594, 9508425, 6889928, 6676069, 6825647, 8336614, 7333377, 7337371]
[9509738, 9503722, 6662194, 8874223, 9510120, 6903829, 6820498, 6833948, 8354440, 7467293, 7471740]
[9508492, 9502542, 6797170, 8873706, 9508874, 6894438, 6824025, 6828831, 8337634, 7375184, 7379529]
[9504979, 9499032, 6680698, 8872602, 9505381, 6856210, 6676249, 6803151, 8328180, 7003398, 7007831]
[9504979, 9499032, 6670444, 8872602, 9505381, 6856210, 6676104, 6803151, 8328180, 7003398, 7007831]
[9509738, 9503722, 6667903, 8874223, 9510120, 6903829, 6676929, 6833948, 8354440, 7467293, 7471740]
[9509354, 9503293, 6797177, 8874096, 9509690, 6899641, 6675211, 6831744, 8353633, 7423834, 7428251]
[9508008, 9502116, 6665762, 8873594, 9508425, 6889928, 6676755, 6825647, 8336614, 7333377, 7337371]
[9506170, 9500185, 6811765, 8873018, 9506549, 6868691, 6809133, 6812271, 8331553, 7149034, 7153504]
[9506641, 9500696, 6666208, 8873153, 9507050, 6874512, 6809135, 6816483, 8332995, 7193398, 7197837]
[9508008, 9502116, 6703013, 8873594, 9508425, 6889928, 6676069, 6825647, 8336614, 7333377, 7337371]
[9509738, 9503722, 6831565, 8874223, 9510120, 6903829, 6676929, 6833948, 8354440, 7467293, 7471740]
[9504979, 9499032, 6662237, 8872602, 9505381, 6856210, 6676249, 6803151, 8328180, 7003398, 7007831]
[9508008, 9502116, 6670949, 8873594, 9508425, 6889928, 6824150, 6825647, 8336614, 7333377, 7337371]
[9506170, 9500185, 6668135, 8873018, 9506549, 6868691, 6809133, 6812271, 8331553, 7149034, 7153504]
[9505478, 9499378, 6665612, 8872717, 9505735, 6860192, 6680672, 6805415, 8329040, 7051469, 7055880]
[9505478, 9499378, 6637785, 8872717, 9505735, 6860192, 6676018, 6805415, 8329040, 7051469, 7055880]
[9505478, 9499378, 6671216, 8872717, 9505735, 6860192, 6680672, 6805415, 8329040, 7051469, 7055880]
[9507074, 9501094, 6818035, 8873277, 9507438, 6878775, 6676505, 6818478, 8334090, 7234882, 7239268]
[9508492, 9502542, 6703042, 8873706, 9508874, 6894438, 6824025, 6828831, 8337634, 7375184, 7379529]
[9508008, 9502116, 6821715, 8873594, 9508425, 6889928, 6822792, 6825647, 8336614, 7333377, 7337371]
[9507074, 9501094, 6801404, 8873277, 9507438, 6878775, 6676505, 6818478, 8334090, 7234882, 7239268]
[9509738, 9503722, 6831565, 8874223, 9510120, 6903829, 6675094, 6833948, 8354440, 7467293, 7471740]
[9509738, 9503722, 6833611, 8874223, 9510120, 6903829, 6831996, 6833948, 8354440, 7467293, 7471740]
[9504979, 9499032, 6703109, 8872602, 9505381, 6856210, 6680698, 6803151, 8328180, 7003398, 7007831]
[9504979, 9499032, 6703109, 8872602, 9505381, 6856210, 6676249, 6803151, 8328180, 7003398, 7007831]
[9505478, 9499378, 6802374, 8872717, 9505735, 6860192, 6803327, 6805415, 8329040, 7051469, 7055880]
[9505478, 9499378, 6668244, 8872717, 9505735, 6860192, 6676018, 6805415, 8329040, 7051469, 7055880]
[9509354, 9503293, 6831237, 8874096, 9509690, 6899641, 6820471, 6831744, 8353633, 7423834, 7428251]
[9504979, 9499032, 6670444, 8872602, 9505381, 6856210, 6795010, 6803151, 8328180, 7003398, 7007831]
[9504979, 9499032, 6676249, 8872602, 9505381, 6856210, 6680698, 6803151, 8328180, 7003398, 7007831]
[9509738, 9503722, 6703087, 8874223, 9510120, 6903829, 6831996, 6833948, 8354440, 7467293, 7471740]
[9505478, 9499378, 6680672, 8872717, 9505735, 6860192, 6676780, 6805415, 8329040, 7051469, 7055880]
[9507074, 9501094, 6666590, 8873277, 9507438, 6878775, 6814055, 6818478, 8334090, 7234882, 7239268]
[9504979, 9499032, 6800475, 8872602, 9505381, 6856210, 6637711, 6803151, 8328180, 7003398, 7007831]
[9505478, 9499378, 6797617, 8872717, 9505735, 6860192, 6676780, 6805415, 8329040, 7051469, 7055880]
[9507074, 9501094, 6814762, 8873277, 9507438, 6878775, 6676505, 6818478, 8334090, 7234882, 7239268]
[9505478, 9499378, 6803644, 8872717, 9505735, 6860192, 6803327, 6805415, 8329040, 7051469, 7055880]
[9504979, 9499032, 6676104, 8872602, 9505381, 6856210, 6637711, 6803151, 8328180, 7003398, 7007831]
[9508008, 9502116, 6670949, 8873594, 9508425, 6889928, 6822792, 6825647, 8336614, 7333377, 7337371]
[9508008, 9502116, 6798838, 8873594, 9508425, 6889928, 6820839, 6825647, 8336614, 7333377, 7337371]
[9505478, 9499378, 6804386, 8872717, 9505735, 6860192, 6676018, 6805415, 8329040, 7051469, 7055880]
[9509354, 9503293, 6830244, 8874096, 9509690, 6899641, 6820471, 6831744, 8353633, 7423834, 7428251]
[9508492, 9502542, 6675973, 8873706, 9508874, 6894438, 6676174, 6828831, 8337634, 7375184, 7379529]
[9508008, 9502116, 6703013, 8873594, 9508425, 6889928, 6822792, 6825647, 8336614, 7333377, 7337371]
[9508492, 9502542, 6797170, 8873706, 9508874, 6894438, 6676174, 6828831, 8337634, 7375184, 7379529]
[9504979, 9499032, 6800475, 8872602, 9505381, 6856210, 6680698, 6803151, 8328180, 7003398, 7007831]
[9505478, 9499378, 6680672, 8872717, 9505735, 6860192, 6637785, 6805415, 8329040, 7051469, 7055880]
[9509738, 9503722, 6832979, 8874223, 9510120, 6903829, 6676929, 6833948, 8354440, 7467293, 7471740]
[9509738, 9503722, 6831565, 8874223, 9510120, 6903829, 6831996, 6833948, 8354440, 7467293, 7471740]
[9505478, 9499378, 6662064, 8872717, 9505735, 6860192, 6637785, 6805415, 8329040, 7051469, 7055880]
[9509738, 9503722, 6667903, 8874223, 9510120, 6903829, 6675094, 6833948, 8354440, 7467293, 7471740]
[9504979, 9499032, 6676249, 8872602, 9505381, 6856210, 6795010, 6803151, 8328180, 7003398, 7007831]
[9508492, 9502542, 6661776, 8873706, 9508874, 6894438, 6825825, 6828831, 8337634, 7375184, 7379529]
[9504979, 9499032, 6667971, 8872602, 9505381, 6856210, 6676104, 6803151, 8328180, 7003398, 7007831]
[9505478, 9499378, 6797617, 8872717, 9505735, 6860192, 6676018, 6805415, 8329040, 7051469, 7055880]
[9508008, 9502116, 6667936, 8873594, 9508425, 6889928, 6822792, 6825647, 8336614, 7333377, 7337371]
[9508008, 9502116, 6662281, 8873594, 9508425, 6889928, 6820839, 6825647, 8336614, 7333377, 7337371]
[9508492, 9502542, 6827598, 8873706, 9508874, 6894438, 6676174, 6828831, 8337634, 7375184, 7379529]
[9509354, 9503293, 6662142, 8874096, 9509690, 6899641, 6824078, 6831744, 8353633, 7423834, 7428251]
[9504979, 9499032, 6680698, 8872602, 9505381, 6856210, 6795010, 6803151, 8328180, 7003398, 7007831]
[9509354, 9503293, 6662142, 8874096, 9509690, 6899641, 6820471, 6831744, 8353633, 7423834, 7428251]
[9504979, 9499032, 6670444, 8872602, 9505381, 6856210, 6680698, 6803151, 8328180, 7003398, 7007831]
[9505478, 9499378, 6662064, 8872717, 9505735, 6860192, 6680672, 6805415, 8329040, 7051469, 7055880]
[9505478, 9499378, 6703107, 8872717, 9505735, 6860192, 6803327, 6805415, 8329040, 7051469, 7055880]
[9504979, 9499032, 6795808, 8872602, 9505381, 6856210, 6795010, 6803151, 8328180, 7003398, 7007831]
[9508008, 9502116, 6821715, 8873594, 9508425, 6889928, 6824150, 6825647, 8336614, 7333377, 7337371]
[9507074, 9501094, 6818035, 8873277, 9507438, 6878775, 6675105, 6818478, 8334090, 7234882, 7239268]
[9508008, 9502116, 6667936, 8873594, 9508425, 6889928, 6824150, 6825647, 8336614, 7333377, 7337371]
[9509354, 9503293, 6831739, 8874096, 9509690, 6899641, 6820471, 6831744, 8353633, 7423834, 7428251]
[9509354, 9503293, 6831358, 8874096, 9509690, 6899641, 6824078, 6831744, 8353633, 7423834, 7428251]
[9508492, 9502542, 6667524, 8873706, 9508874, 6894438, 6825825, 6828831, 8337634, 7375184, 7379529]
[9508008, 9502116, 6822989, 8873594, 9508425, 6889928, 6820839, 6825647, 8336614, 7333377, 7337371]
[9504979, 9499032, 6667971, 8872602, 9505381, 6856210, 6795010, 6803151, 8328180, 7003398, 7007831]
[9506170, 9500185, 6799263, 8873018, 9506549, 6868691, 6809133, 6812271, 8331553, 7149034, 7153504]
[9505478, 9499378, 6665612, 8872717, 9505735, 6860192, 6676018, 6805415, 8329040, 7051469, 7055880]
[9509354, 9503293, 6703028, 8874096, 9509690, 6899641, 6824078, 6831744, 8353633, 7423834, 7428251]
[9508008, 9502116, 6670949, 8873594, 9508425, 6889928, 6820839, 6825647, 8336614, 7333377, 7337371]
[9505478, 9499378, 6662064, 8872717, 9505735, 6860192, 6676018, 6805415, 8329040, 7051469, 7055880]
[9504979, 9499032, 6802469, 8872602, 9505381, 6856210, 6680698, 6803151, 8328180, 7003398, 7007831]
[9509354, 9503293, 6797177, 8874096, 9509690, 6899641, 6820471, 6831744, 8353633, 7423834, 7428251]
[9507074, 9501094, 6676505, 8873277, 9507438, 6878775, 6811791, 6818478, 8334090, 7234882, 7239268]
[9509738, 9503722, 6832979, 8874223, 9510120, 6903829, 6831996, 6833948, 8354440, 7467293, 7471740]
[9510189, 9504234, 6662714, 8874360, 9510612, 6909453, 6835081, 6836188, 8355820, 7512140, 7516585]
[9507074, 9501094, 6666590, 8873277, 9507438, 6878775, 6676505, 6818478, 8334090, 7234882, 7239268]
[9504979, 9499032, 6747735, 8872602, 9505381, 6856210, 6795010, 6803151, 8328180, 7003398, 7007831]
[9508492, 9502542, 6676174, 8873706, 9508874, 6894438, 6825825, 6828831, 8337634, 7375184, 7379529]
[9509354, 9503293, 6671174, 8874096, 9509690, 6899641, 6820471, 6831744, 8353633, 7423834, 7428251]
[9508008, 9502116, 6665762, 8873594, 9508425, 6889928, 6676069, 6825647, 8336614, 7333377, 7337371]
[9508008, 9502116, 6825442, 8873594, 9508425, 6889928, 6820839, 6825647, 8336614, 7333377, 7337371]
[9510189, 9504234, 6834967, 8874360, 9510612, 6909453, 6835081, 6836188, 8355820, 7512140, 7516585]
[9508492, 9502542, 6675973, 8873706, 9508874, 6894438, 6824025, 6828831, 8337634, 7375184, 7379529]
[9505478, 9499378, 6676018, 8872717, 9505735, 6860192, 6803327, 6805415, 8329040, 7051469, 7055880]
[9509354, 9503293, 6666107, 8874096, 9509690, 6899641, 6820471, 6831744, 8353633, 7423834, 7428251]
[9509354, 9503293, 6828718, 8874096, 9509690, 6899641, 6825824, 6831744, 8353633, 7423834, 7428251]
[9508008, 9502116, 6825442, 8873594, 9508425, 6889928, 6676069, 6825647, 8336614, 7333377, 7337371]
[9507074, 9501094, 6670279, 8873277, 9507438, 6878775, 6811791, 6818478, 8334090, 7234882, 7239268]
[9507074, 9501094, 6675105, 8873277, 9507438, 6878775, 6676505, 6818478, 8334090, 7234882, 7239268]
[9508492, 9502542, 6828405, 8873706, 9508874, 6894438, 6825825, 6828831, 8337634, 7375184, 7379529]
[9505478, 9499378, 6637785, 8872717, 9505735, 6860192, 6803327, 6805415, 8329040, 7051469, 7055880]
[9508492, 9502542, 6827598, 8873706, 9508874, 6894438, 6824025, 6828831, 8337634, 7375184, 7379529]
[9508492, 9502542, 6827806, 8873706, 9508874, 6894438, 6676174, 6828831, 8337634, 7375184, 7379529]
[9508008, 9502116, 6703013, 8873594, 9508425, 6889928, 6676755, 6825647, 8336614, 7333377, 7337371]
[9505478, 9499378, 6703107, 8872717, 9505735, 6860192, 6680672, 6805415, 8329040, 7051469, 7055880]
[9509738, 9503722, 6800870, 8874223, 9510120, 6903829, 6676929, 6833948, 8354440, 7467293, 7471740]
[9507074, 9501094, 6818308, 8873277, 9507438, 6878775, 6675105, 6818478, 8334090, 7234882, 7239268]
[9509354, 9503293, 6667491, 8874096, 9509690, 6899641, 6676907, 6831744, 8353633, 7423834, 7428251]
[9507074, 9501094, 6817751, 8873277, 9507438, 6878775, 6676505, 6818478, 8334090, 7234882, 7239268]
[9509354, 9503293, 6666107, 8874096, 9509690, 6899641, 6825824, 6831744, 8353633, 7423834, 7428251]
[9506170, 9500185, 6675065, 8873018, 9506549, 6868691, 6809133, 6812271, 8331553, 7149034, 7153504]
[9508492, 9502542, 6665965, 8873706, 9508874, 6894438, 6824025, 6828831, 8337634, 7375184, 7379529]
[9507074, 9501094, 6702922, 8873277, 9507438, 6878775, 6675105, 6818478, 8334090, 7234882, 7239268]
[9505478, 9499378, 6703107, 8872717, 9505735, 6860192, 6676018, 6805415, 8329040, 7051469, 7055880]
[9508008, 9502116, 6798838, 8873594, 9508425, 6889928, 6822792, 6825647, 8336614, 7333377, 7337371]
[9508492, 9502542, 6665965, 8873706, 9508874, 6894438, 6825825, 6828831, 8337634, 7375184, 7379529]
[9507074, 9501094, 6817751, 8873277, 9507438, 6878775, 6814055, 6818478, 8334090, 7234882, 7239268]
[9504979, 9499032, 6801645, 8872602, 9505381, 6856210, 6795010, 6803151, 8328180, 7003398, 7007831]
[9508492, 9502542, 6670591, 8873706, 9508874, 6894438, 6676174, 6828831, 8337634, 7375184, 7379529]
[9504979, 9499032, 6800475, 8872602, 9505381, 6856210, 6676249, 6803151, 8328180, 7003398, 7007831]
[9509354, 9503293, 6828718, 8874096, 9509690, 6899641, 6824078, 6831744, 8353633, 7423834, 7428251]
[9509738, 9503722, 6833611, 8874223, 9510120, 6903829, 6820498, 6833948, 8354440, 7467293, 7471740]
[9508492, 9502542, 6665965, 8873706, 9508874, 6894438, 6676174, 6828831, 8337634, 7375184, 7379529]
[9509354, 9503293, 6831739, 8874096, 9509690, 6899641, 6825824, 6831744, 8353633, 7423834, 7428251]
[9509354, 9503293, 6667491, 8874096, 9509690, 6899641, 6824078, 6831744, 8353633, 7423834, 7428251]
[9505478, 9499378, 6665612, 8872717, 9505735, 6860192, 6803327, 6805415, 8329040, 7051469, 7055880]
[9507074, 9501094, 6818035, 8873277, 9507438, 6878775, 6811791, 6818478, 8334090, 7234882, 7239268]
[9508008, 9502116, 6821715, 8873594, 9508425, 6889928, 6676755, 6825647, 8336614, 7333377, 7337371]
[9504979, 9499032, 6680698, 8872602, 9505381, 6856210, 6676104, 6803151, 8328180, 7003398, 7007831]
[9506170, 9500185, 6702954, 8873018, 9506549, 6868691, 6809133, 6812271, 8331553, 7149034, 7153504]
[9510189, 9504234, 6668186, 8874360, 9510612, 6909453, 6831998, 6836188, 8355820, 7512140, 7516585]
[9506170, 9500185, 6811329, 8873018, 9506549, 6868691, 6809133, 6812271, 8331553, 7149034, 7153504]
[9505478, 9499378, 6668244, 8872717, 9505735, 6860192, 6676780, 6805415, 8329040, 7051469, 7055880]
[9507074, 9501094, 6817751, 8873277, 9507438, 6878775, 6811791, 6818478, 8334090, 7234882, 7239268]
[9505478, 9499378, 6676780, 8872717, 9505735, 6860192, 6803327, 6805415, 8329040, 7051469, 7055880]
[9509738, 9503722, 6833595, 8874223, 9510120, 6903829, 6676929, 6833948, 8354440, 7467293, 7471740]
[9504979, 9499032, 6637711, 8872602, 9505381, 6856210, 6795010, 6803151, 8328180, 7003398, 7007831]
[9504979, 9499032, 6667971, 8872602, 9505381, 6856210, 6680698, 6803151, 8328180, 7003398, 7007831]
[9505478, 9499378, 6805195, 8872717, 9505735, 6860192, 6803327, 6805415, 8329040, 7051469, 7055880]
[9508008, 9502116, 6798838, 8873594, 9508425, 6889928, 6824150, 6825647, 8336614, 7333377, 7337371]
[9508008, 9502116, 6703013, 8873594, 9508425, 6889928, 6820839, 6825647, 8336614, 7333377, 7337371]
[9508008, 9502116, 6665762, 8873594, 9508425, 6889928, 6824150, 6825647, 8336614, 7333377, 7337371]
[9507074, 9501094, 6801404, 8873277, 9507438, 6878775, 6814055, 6818478, 8334090, 7234882, 7239268]
[9508008, 9502116, 6670949, 8873594, 9508425, 6889928, 6676069, 6825647, 8336614, 7333377, 7337371]
[9507074, 9501094, 6676505, 8873277, 9507438, 6878775, 6809139, 6818478, 8334090, 7234882, 7239268]
[9507074, 9501094, 6818308, 8873277, 9507438, 6878775, 6809139, 6818478, 8334090, 7234882, 7239268]
[9506170, 9500185, 6666059, 8873018, 9506549, 6868691, 6809133, 6812271, 8331553, 7149034, 7153504]
[9508492, 9502542, 6676174, 8873706, 9508874, 6894438, 6824025, 6828831, 8337634, 7375184, 7379529]
[9509354, 9503293, 6830244, 8874096, 9509690, 6899641, 6676907, 6831744, 8353633, 7423834, 7428251]
[9509738, 9503722, 6833611, 8874223, 9510120, 6903829, 6675094, 6833948, 8354440, 7467293, 7471740]
[9504979, 9499032, 6680698, 8872602, 9505381, 6856210, 6637711, 6803151, 8328180, 7003398, 7007831]
[9508008, 9502116, 6825208, 8873594, 9508425, 6889928, 6822792, 6825647, 8336614, 7333377, 7337371]
[9510189, 9504234, 6677135, 8874360, 9510612, 6909453, 6831998, 6836188, 8355820, 7512140, 7516585]
[9509354, 9503293, 6828718, 8874096, 9509690, 6899641, 6820471, 6831744, 8353633, 7423834, 7428251]
[9509354, 9503293, 6831358, 8874096, 9509690, 6899641, 6675211, 6831744, 8353633, 7423834, 7428251]
[9504979, 9499032, 6637711, 8872602, 9505381, 6856210, 6676104, 6803151, 8328180, 7003398, 7007831]
[9507074, 9501094, 6818308, 8873277, 9507438, 6878775, 6811791, 6818478, 8334090, 7234882, 7239268]
[9509738, 9503722, 6670606, 8874223, 9510120, 6903829, 6831996, 6833948, 8354440, 7467293, 7471740]
[9509738, 9503722, 6832979, 8874223, 9510120, 6903829, 6824111, 6833948, 8354440, 7467293, 7471740]
[9505478, 9499378, 6680672, 8872717, 9505735, 6860192, 6676018, 6805415, 8329040, 7051469, 7055880]
[9507074, 9501094, 6818308, 8873277, 9507438, 6878775, 6676505, 6818478, 8334090, 7234882, 7239268]
[9506170, 9500185, 6811062, 8873018, 9506549, 6868691, 6809133, 6812271, 8331553, 7149034, 7153504]
[9504979, 9499032, 6676104, 8872602, 9505381, 6856210, 6795010, 6803151, 8328180, 7003398, 7007831]
[9506170, 9500185, 6811532, 8873018, 9506549, 6868691, 6809133, 6812271, 8331553, 7149034, 7153504]
[9507074, 9501094, 6662037, 8873277, 9507438, 6878775, 6676505, 6818478, 8334090, 7234882, 7239268]
[9505478, 9499378, 6802374, 8872717, 9505735, 6860192, 6637785, 6805415, 8329040, 7051469, 7055880]
[9509354, 9503293, 6831358, 8874096, 9509690, 6899641, 6676907, 6831744, 8353633, 7423834, 7428251]
[9505478, 9499378, 6805195, 8872717, 9505735, 6860192, 6680672, 6805415, 8329040, 7051469, 7055880]
[9507074, 9501094, 6670279, 8873277, 9507438, 6878775, 6675105, 6818478, 8334090, 7234882, 7239268]
[9510189, 9504234, 6835907, 8874360, 9510612, 6909453, 6835081, 6836188, 8355820, 7512140, 7516585]
[9508492, 9502542, 6661776, 8873706, 9508874, 6894438, 6676174, 6828831, 8337634, 7375184, 7379529]
[9509738, 9503722, 6662194, 8874223, 9510120, 6903829, 6676929, 6833948, 8354440, 7467293, 7471740]
[9505478, 9499378, 6668244, 8872717, 9505735, 6860192, 6680672, 6805415, 8329040, 7051469, 7055880]
[9505478, 9499378, 6676018, 8872717, 9505735, 6860192, 6637785, 6805415, 8329040, 7051469, 7055880]
[9509738, 9503722, 6831565, 8874223, 9510120, 6903829, 6824111, 6833948, 8354440, 7467293, 7471740]
[9510189, 9504234, 6666296, 8874360, 9510612, 6909453, 6835081, 6836188, 8355820, 7512140, 7516585]
[9510189, 9504234, 6676033, 8874360, 9510612, 6909453, 6831998, 6836188, 8355820, 7512140, 7516585]
[9506641, 9500696, 6668362, 8873153, 9507050, 6874512, 6809135, 6816483, 8332995, 7193398, 7197837]
[9508492, 9502542, 6828642, 8873706, 9508874, 6894438, 6825825, 6828831, 8337634, 7375184, 7379529]
[9509354, 9503293, 6666107, 8874096, 9509690, 6899641, 6675211, 6831744, 8353633, 7423834, 7428251]
[9505478, 9499378, 6805195, 8872717, 9505735, 6860192, 6676018, 6805415, 8329040, 7051469, 7055880]
[9506641, 9500696, 6703047, 8873153, 9507050, 6874512, 6809135, 6816483, 8332995, 7193398, 7197837]
[9505478, 9499378, 6680672, 8872717, 9505735, 6860192, 6803327, 6805415, 8329040, 7051469, 7055880]
[9504979, 9499032, 6747735, 8872602, 9505381, 6856210, 6676249, 6803151, 8328180, 7003398, 7007831]
[9505478, 9499378, 6671216, 8872717, 9505735, 6860192, 6803327, 6805415, 8329040, 7051469, 7055880]
[9505478, 9499378, 6668244, 8872717, 9505735, 6860192, 6637785, 6805415, 8329040, 7051469, 7055880]
[9509738, 9503722, 6703087, 8874223, 9510120, 6903829, 6824111, 6833948, 8354440, 7467293, 7471740]
[9509354, 9503293, 6828718, 8874096, 9509690, 6899641, 6676907, 6831744, 8353633, 7423834, 7428251]
[9509738, 9503722, 6670606, 8874223, 9510120, 6903829, 6824111, 6833948, 8354440, 7467293, 7471740]
[9508008, 9502116, 6822989, 8873594, 9508425, 6889928, 6822792, 6825647, 8336614, 7333377, 7337371]
[9508008, 9502116, 6825442, 8873594, 9508425, 6889928, 6676755, 6825647, 8336614, 7333377, 7337371]
[9505478, 9499378, 6804833, 8872717, 9505735, 6860192, 6676780, 6805415, 8329040, 7051469, 7055880]
[9505478, 9499378, 6804833, 8872717, 9505735, 6860192, 6803327, 6805415, 8329040, 7051469, 7055880]
[9505478, 9499378, 6804386, 8872717, 9505735, 6860192, 6676780, 6805415, 8329040, 7051469, 7055880]
[9509354, 9503293, 6830244, 8874096, 9509690, 6899641, 6825824, 6831744, 8353633, 7423834, 7428251]
[9506170, 9500185, 6810275, 8873018, 9506549, 6868691, 6809133, 6812271, 8331553, 7149034, 7153504]
[9507074, 9501094, 6670279, 8873277, 9507438, 6878775, 6809139, 6818478, 8334090, 7234882, 7239268]
[9509738, 9503722, 6667903, 8874223, 9510120, 6903829, 6831996, 6833948, 8354440, 7467293, 7471740]
[9509354, 9503293, 6831237, 8874096, 9509690, 6899641, 6676907, 6831744, 8353633, 7423834, 7428251]
[9508008, 9502116, 6825442, 8873594, 9508425, 6889928, 6824150, 6825647, 8336614, 7333377, 7337371]
[9507074, 9501094, 6676505, 8873277, 9507438, 6878775, 6814055, 6818478, 8334090, 7234882, 7239268]
[9509738, 9503722, 6800870, 8874223, 9510120, 6903829, 6824111, 6833948, 8354440, 7467293, 7471740]
[9510189, 9504234, 6671602, 8874360, 9510612, 6909453, 6831998, 6836188, 8355820, 7512140, 7516585]
[9507074, 9501094, 6675105, 8873277, 9507438, 6878775, 6814055, 6818478, 8334090, 7234882, 7239268]
[9507074, 9501094, 6670279, 8873277, 9507438, 6878775, 6814055, 6818478, 8334090, 7234882, 7239268]
[9509738, 9503722, 6832979, 8874223, 9510120, 6903829, 6820498, 6833948, 8354440, 7467293, 7471740]
[9504979, 9499032, 6801645, 8872602, 9505381, 6856210, 6676104, 6803151, 8328180, 7003398, 7007831]
[9509354, 9503293, 6830244, 8874096, 9509690, 6899641, 6824078, 6831744, 8353633, 7423834, 7428251]
[9504979, 9499032, 6670444, 8872602, 9505381, 6856210, 6637711, 6803151, 8328180, 7003398, 7007831]
[9508008, 9502116, 6798838, 8873594, 9508425, 6889928, 6676755, 6825647, 8336614, 7333377, 7337371]
[9504979, 9499032, 6667202, 8872602, 9505381, 6856210, 6637711, 6803151, 8328180, 7003398, 7007831]
[9507074, 9501094, 6662037, 8873277, 9507438, 6878775, 6675105, 6818478, 8334090, 7234882, 7239268]
[9508492, 9502542, 6823287, 8873706, 9508874, 6894438, 6676174, 6828831, 8337634, 7375184, 7379529]
[9507074, 9501094, 6667245, 8873277, 9507438, 6878775, 6809139, 6818478, 8334090, 7234882, 7239268]
[9509738, 9503722, 6703087, 8874223, 9510120, 6903829, 6820498, 6833948, 8354440, 7467293, 7471740]
[9508008, 9502116, 6798838, 8873594, 9508425, 6889928, 6676069, 6825647, 8336614, 7333377, 7337371]
[9505478, 9499378, 6797617, 8872717, 9505735, 6860192, 6803327, 6805415, 8329040, 7051469, 7055880]
[9507074, 9501094, 6818308, 8873277, 9507438, 6878775, 6814055, 6818478, 8334090, 7234882, 7239268]
[9504979, 9499032, 6795808, 8872602, 9505381, 6856210, 6637711, 6803151, 8328180, 7003398, 7007831]
[9509354, 9503293, 6666107, 8874096, 9509690, 6899641, 6824078, 6831744, 8353633, 7423834, 7428251]
[9508008, 9502116, 6665762, 8873594, 9508425, 6889928, 6822792, 6825647, 8336614, 7333377, 7337371]
[9504979, 9499032, 6801645, 8872602, 9505381, 6856210, 6680698, 6803151, 8328180, 7003398, 7007831]
[9505478, 9499378, 6676780, 8872717, 9505735, 6860192, 6680672, 6805415, 8329040, 7051469, 7055880]
[9504979, 9499032, 6703109, 8872602, 9505381, 6856210, 6676104, 6803151, 8328180, 7003398, 7007831]
[9509738, 9503722, 6703087, 8874223, 9510120, 6903829, 6675094, 6833948, 8354440, 7467293, 7471740]
[9505478, 9499378, 6803644, 8872717, 9505735, 6860192, 6637785, 6805415, 8329040, 7051469, 7055880]
[9508492, 9502542, 6797170, 8873706, 9508874, 6894438, 6825825, 6828831, 8337634, 7375184, 7379529]
[9507074, 9501094, 6801404, 8873277, 9507438, 6878775, 6809139, 6818478, 8334090, 7234882, 7239268]
[9509738, 9503722, 6667903, 8874223, 9510120, 6903829, 6820498, 6833948, 8354440, 7467293, 7471740]
[9504979, 9499032, 6662237, 8872602, 9505381, 6856210, 6680698, 6803151, 8328180, 7003398, 7007831]
[9509738, 9503722, 6666802, 8874223, 9510120, 6903829, 6820498, 6833948, 8354440, 7467293, 7471740]
[9505478, 9499378, 6805195, 8872717, 9505735, 6860192, 6637785, 6805415, 8329040, 7051469, 7055880]
[9508008, 9502116, 6825442, 8873594, 9508425, 6889928, 6822792, 6825647, 8336614, 7333377, 7337371]
[9507074, 9501094, 6814762, 8873277, 9507438, 6878775, 6809139, 6818478, 8334090, 7234882, 7239268]
[9509354, 9503293, 6703028, 8874096, 9509690, 6899641, 6820471, 6831744, 8353633, 7423834, 7428251]
[9509738, 9503722, 6800870, 8874223, 9510120, 6903829, 6820498, 6833948, 8354440, 7467293, 7471740]
[9509354, 9503293, 6797177, 8874096, 9509690, 6899641, 6676907, 6831744, 8353633, 7423834, 7428251]
[9504979, 9499032, 6703109, 8872602, 9505381, 6856210, 6795010, 6803151, 8328180, 7003398, 7007831]
[9509354, 9503293, 6662142, 8874096, 9509690, 6899641, 6825824, 6831744, 8353633, 7423834, 7428251]
[9505478, 9499378, 6637785, 8872717, 9505735, 6860192, 6680672, 6805415, 8329040, 7051469, 7055880]
[9507074, 9501094, 6801404, 8873277, 9507438, 6878775, 6675105, 6818478, 8334090, 7234882, 7239268]
[9504979, 9499032, 6676104, 8872602, 9505381, 6856210, 6676249, 6803151, 8328180, 7003398, 7007831]
[9508008, 9502116, 6822989, 8873594, 9508425, 6889928, 6824150, 6825647, 8336614, 7333377, 7337371]
[9504979, 9499032, 6801645, 8872602, 9505381, 6856210, 6676249, 6803151, 8328180, 7003398, 7007831]
[9506641, 9500696, 6815089, 8873153, 9507050, 6874512, 6809135, 6816483, 8332995, 7193398, 7197837]
[9508492, 9502542, 6828642, 8873706, 9508874, 6894438, 6676174, 6828831, 8337634, 7375184, 7379529]
[9509738, 9503722, 6662194, 8874223, 9510120, 6903829, 6675094, 6833948, 8354440, 7467293, 7471740]
[9504979, 9499032, 6667971, 8872602, 9505381, 6856210, 6676249, 6803151, 8328180, 7003398, 7007831]
[9505478, 9499378, 6804386, 8872717, 9505735, 6860192, 6803327, 6805415, 8329040, 7051469, 7055880]
[9504979, 9499032, 6667202, 8872602, 9505381, 6856210, 6680698, 6803151, 8328180, 7003398, 7007831]
[9505478, 9499378, 6803644, 8872717, 9505735, 6860192, 6676018, 6805415, 8329040, 7051469, 7055880]
[9505478, 9499378, 6637785, 8872717, 9505735, 6860192, 6676780, 6805415, 8329040, 7051469, 7055880]
[9509738, 9503722, 6833595, 8874223, 9510120, 6903829, 6675094, 6833948, 8354440, 7467293, 7471740]
[9508492, 9502542, 6824025, 8873706, 9508874, 6894438, 6676174, 6828831, 8337634, 7375184, 7379529]
[9507074, 9501094, 6818035, 8873277, 9507438, 6878775, 6814055, 6818478, 8334090, 7234882, 7239268]
[9509354, 9503293, 6703028, 8874096, 9509690, 6899641, 6676907, 6831744, 8353633, 7423834, 7428251]
[9508492, 9502542, 6828405, 8873706, 9508874, 6894438, 6824025, 6828831, 8337634, 7375184, 7379529]
[9507074, 9501094, 6662037, 8873277, 9507438, 6878775, 6811791, 6818478, 8334090, 7234882, 7239268]
[9504979, 9499032, 6667202, 8872602, 9505381, 6856210, 6676104, 6803151, 8328180, 7003398, 7007831]
[9505478, 9499378, 6797617, 8872717, 9505735, 6860192, 6637785, 6805415, 8329040, 7051469, 7055880]
[9505478, 9499378, 6802374, 8872717, 9505735, 6860192, 6680672, 6805415, 8329040, 7051469, 7055880]
[9509354, 9503293, 6831237, 8874096, 9509690, 6899641, 6675211, 6831744, 8353633, 7423834, 7428251]
[9504979, 9499032, 6662237, 8872602, 9505381, 6856210, 6676104, 6803151, 8328180, 7003398, 7007831]
[9510189, 9504234, 6836135, 8874360, 9510612, 6909453, 6831998, 6836188, 8355820, 7512140, 7516585]
[9506170, 9500185, 6810724, 8873018, 9506549, 6868691, 6809133, 6812271, 8331553, 7149034, 7153504]
[9508492, 9502542, 6661776, 8873706, 9508874, 6894438, 6824025, 6828831, 8337634, 7375184, 7379529]
[9508492, 9502542, 6828405, 8873706, 9508874, 6894438, 6676174, 6828831, 8337634, 7375184, 7379529]
[9507074, 9501094, 6662037, 8873277, 9507438, 6878775, 6814055, 6818478, 8334090, 7234882, 7239268]
[9504979, 9499032, 6637711, 8872602, 9505381, 6856210, 6676249, 6803151, 8328180, 7003398, 7007831]
[9505478, 9499378, 6676018, 8872717, 9505735, 6860192, 6676780, 6805415, 8329040, 7051469, 7055880]
[9509354, 9503293, 6831739, 8874096, 9509690, 6899641, 6675211, 6831744, 8353633, 7423834, 7428251]
[9504979, 9499032, 6670444, 8872602, 9505381, 6856210, 6676249, 6803151, 8328180, 7003398, 7007831]
[9509354, 9503293, 6667491, 8874096, 9509690, 6899641, 6825824, 6831744, 8353633, 7423834, 7428251]
[9508492, 9502542, 6828642, 8873706, 9508874, 6894438, 6824025, 6828831, 8337634, 7375184, 7379529]
[9510189, 9504234, 6835556, 8874360, 9510612, 6909453, 6831998, 6836188, 8355820, 7512140, 7516585]
[9508492, 9502542, 6827806, 8873706, 9508874, 6894438, 6825825, 6828831, 8337634, 7375184, 7379529]
[9505478, 9499378, 6803644, 8872717, 9505735, 6860192, 6676780, 6805415, 8329040, 7051469, 7055880]
[9509738, 9503722, 6666802, 8874223, 9510120, 6903829, 6831996, 6833948, 8354440, 7467293, 7471740]
[9505478, 9499378, 6665612, 8872717, 9505735, 6860192, 6637785, 6805415, 8329040, 7051469, 7055880]
[9510189, 9504234, 6835081, 8874360, 9510612, 6909453, 6831998, 6836188, 8355820, 7512140, 7516585]
[9508492, 9502542, 6670591, 8873706, 9508874, 6894438, 6825825, 6828831, 8337634, 7375184, 7379529]
[9510189, 9504234, 6662714, 8874360, 9510612, 6909453, 6831998, 6836188, 8355820, 7512140, 7516585]
[9504979, 9499032, 6802469, 8872602, 9505381, 6856210, 6676249, 6803151, 8328180, 7003398, 7007831]
[9510189, 9504234, 6836154, 8874360, 9510612, 6909453, 6831998, 6836188, 8355820, 7512140, 7516585]
[9508008, 9502116, 6821715, 8873594, 9508425, 6889928, 6676069, 6825647, 8336614, 7333377, 7337371]
[9508008, 9502116, 6667936, 8873594, 9508425, 6889928, 6676755, 6825647, 8336614, 7333377, 7337371]
[9509738, 9503722, 6833611, 8874223, 9510120, 6903829, 6676929, 6833948, 8354440, 7467293, 7471740]
[9509354, 9503293, 6831739, 8874096, 9509690, 6899641, 6824078, 6831744, 8353633, 7423834, 7428251]
[9508008, 9502116, 6667936, 8873594, 9508425, 6889928, 6676069, 6825647, 8336614, 7333377, 7337371]
[9507074, 9501094, 6666590, 8873277, 9507438, 6878775, 6809139, 6818478, 8334090, 7234882, 7239268]
[9507074, 9501094, 6817751, 8873277, 9507438, 6878775, 6675105, 6818478, 8334090, 7234882, 7239268]
[9509354, 9503293, 6667491, 8874096, 9509690, 6899641, 6820471, 6831744, 8353633, 7423834, 7428251]
[9505478, 9499378, 6797617, 8872717, 9505735, 6860192, 6680672, 6805415, 8329040, 7051469, 7055880]
[9507074, 9501094, 6814762, 8873277, 9507438, 6878775, 6811791, 6818478, 8334090, 7234882, 7239268]
[9508008, 9502116, 6667936, 8873594, 9508425, 6889928, 6820839, 6825647, 8336614, 7333377, 7337371]
[9509354, 9503293, 6703028, 8874096, 9509690, 6899641, 6675211, 6831744, 8353633, 7423834, 7428251]
[9508008, 9502116, 6825208, 8873594, 9508425, 6889928, 6820839, 6825647, 8336614, 7333377, 7337371]
[9506170, 9500185, 6670092, 8873018, 9506549, 6868691, 6809133, 6812271, 8331553, 7149034, 7153504]
[9508008, 9502116, 6825208, 8873594, 9508425, 6889928, 6824150, 6825647, 8336614, 7333377, 7337371]
[9510189, 9504234, 6703010, 8874360, 9510612, 6909453, 6831998, 6836188, 8355820, 7512140, 7516585]
[9510189, 9504234, 6834967, 8874360, 9510612, 6909453, 6831998, 6836188, 8355820, 7512140, 7516585]
[9508008, 9502116, 6821715, 8873594, 9508425, 6889928, 6820839, 6825647, 8336614, 7333377, 7337371]
[9504979, 9499032, 6676249, 8872602, 9505381, 6856210, 6637711, 6803151, 8328180, 7003398, 7007831]
[9508492, 9502542, 6823287, 8873706, 9508874, 6894438, 6825825, 6828831, 8337634, 7375184, 7379529]
[9504979, 9499032, 6747735, 8872602, 9505381, 6856210, 6637711, 6803151, 8328180, 7003398, 7007831]
[9509354, 9503293, 6671174, 8874096, 9509690, 6899641, 6824078, 6831744, 8353633, 7423834, 7428251]
[9505478, 9499378, 6662064, 8872717, 9505735, 6860192, 6676780, 6805415, 8329040, 7051469, 7055880]
[9508492, 9502542, 6670591, 8873706, 9508874, 6894438, 6824025, 6828831, 8337634, 7375184, 7379529]
[9508492, 9502542, 6667524, 8873706, 9508874, 6894438, 6824025, 6828831, 8337634, 7375184, 7379529]
[9507074, 9501094, 6675105, 8873277, 9507438, 6878775, 6809139, 6818478, 8334090, 7234882, 7239268]
[9509354, 9503293, 6831358, 8874096, 9509690, 6899641, 6820471, 6831744, 8353633, 7423834, 7428251]
[9504979, 9499032, 6802469, 8872602, 9505381, 6856210, 6637711, 6803151, 8328180, 7003398, 7007831]
[9508492, 9502542, 6703042, 8873706, 9508874, 6894438, 6676174, 6828831, 8337634, 7375184, 7379529]
[9508008, 9502116, 6703013, 8873594, 9508425, 6889928, 6824150, 6825647, 8336614, 7333377, 7337371]
[9508008, 9502116, 6662281, 8873594, 9508425, 6889928, 6676755, 6825647, 8336614, 7333377, 7337371]
[9508008, 9502116, 6824922, 8873594, 9508425, 6889928, 6820839, 6825647, 8336614, 7333377, 7337371]
[9508008, 9502116, 6665762, 8873594, 9508425, 6889928, 6820839, 6825647, 8336614, 7333377, 7337371]
[9505478, 9499378, 6802374, 8872717, 9505735, 6860192, 6676780, 6805415, 8329040, 7051469, 7055880]
[9507074, 9501094, 6676505, 8873277, 9507438, 6878775, 6675105, 6818478, 8334090, 7234882, 7239268]
[9504979, 9499032, 6747735, 8872602, 9505381, 6856210, 6680698, 6803151, 8328180, 7003398, 7007831]
[9508008, 9502116, 6825208, 8873594, 9508425, 6889928, 6676069, 6825647, 8336614, 7333377, 7337371]
[9509354, 9503293, 6671174, 8874096, 9509690, 6899641, 6825824, 6831744, 8353633, 7423834, 7428251]
[9505478, 9499378, 6804386, 8872717, 9505735, 6860192, 6637785, 6805415, 8329040, 7051469, 7055880]
[9509738, 9503722, 6833595, 8874223, 9510120, 6903829, 6824111, 6833948, 8354440, 7467293, 7471740]
[9509738, 9503722, 6832979, 8874223, 9510120, 6903829, 6675094, 6833948, 8354440, 7467293, 7471740]
[9509738, 9503722, 6833595, 8874223, 9510120, 6903829, 6820498, 6833948, 8354440, 7467293, 7471740]
[9509738, 9503722, 6833611, 8874223, 9510120, 6903829, 6824111, 6833948, 8354440, 7467293, 7471740]
[9510189, 9504234, 6666296, 8874360, 9510612, 6909453, 6831998, 6836188, 8355820, 7512140, 7516585]
[9507074, 9501094, 6666590, 8873277, 9507438, 6878775, 6675105, 6818478, 8334090, 7234882, 7239268]
[9509354, 9503293, 6666107, 8874096, 9509690, 6899641, 6676907, 6831744, 8353633, 7423834, 7428251]
[9509738, 9503722, 6667903, 8874223, 9510120, 6903829, 6824111, 6833948, 8354440, 7467293, 7471740]
[9504979, 9499032, 6703109, 8872602, 9505381, 6856210, 6637711, 6803151, 8328180, 7003398, 7007831]
[9507074, 9501094, 6702922, 8873277, 9507438, 6878775, 6814055, 6818478, 8334090, 7234882, 7239268]
[9509354, 9503293, 6671174, 8874096, 9509690, 6899641, 6676907, 6831744, 8353633, 7423834, 7428251]
[9505478, 9499378, 6665612, 8872717, 9505735, 6860192, 6676780, 6805415, 8329040, 7051469, 7055880]
[9509354, 9503293, 6831237, 8874096, 9509690, 6899641, 6824078, 6831744, 8353633, 7423834, 7428251]
[9507074, 9501094, 6702922, 8873277, 9507438, 6878775, 6809139, 6818478, 8334090, 7234882, 7239268]
[9509354, 9503293, 6662142, 8874096, 9509690, 6899641, 6676907, 6831744, 8353633, 7423834, 7428251]
[9509738, 9503722, 6670606, 8874223, 9510120, 6903829, 6820498, 6833948, 8354440, 7467293, 7471740]
[9510189, 9504234, 6668186, 8874360, 9510612, 6909453, 6835081, 6836188, 8355820, 7512140, 7516585]
[9508008, 9502116, 6662281, 8873594, 9508425, 6889928, 6676069, 6825647, 8336614, 7333377, 7337371]
[9509738, 9503722, 6666802, 8874223, 9510120, 6903829, 6676929, 6833948, 8354440, 7467293, 7471740]
[9505478, 9499378, 6671216, 8872717, 9505735, 6860192, 6676018, 6805415, 8329040, 7051469, 7055880]
[9507074, 9501094, 6667245, 8873277, 9507438, 6878775, 6811791, 6818478, 8334090, 7234882, 7239268]
[9509738, 9503722, 6666802, 8874223, 9510120, 6903829, 6824111, 6833948, 8354440, 7467293, 7471740]
[9506641, 9500696, 6662175, 8873153, 9507050, 6874512, 6809135, 6816483, 8332995, 7193398, 7197837]
[9505478, 9499378, 6804833, 8872717, 9505735, 6860192, 6680672, 6805415, 8329040, 7051469, 7055880]
[9509354, 9503293, 6828718, 8874096, 9509690, 6899641, 6675211, 6831744, 8353633, 7423834, 7428251]
[9510189, 9504234, 6836154, 8874360, 9510612, 6909453, 6835081, 6836188, 8355820, 7512140, 7516585]
[9509354, 9503293, 6797177, 8874096, 9509690, 6899641, 6824078, 6831744, 8353633, 7423834, 7428251]
[9504979, 9499032, 6662237, 8872602, 9505381, 6856210, 6795010, 6803151, 8328180, 7003398, 7007831]
[9506641, 9500696, 6799240, 8873153, 9507050, 6874512, 6809135, 6816483, 8332995, 7193398, 7197837]
[9508008, 9502116, 6670949, 8873594, 9508425, 6889928, 6676755, 6825647, 8336614, 7333377, 7337371]
[9510189, 9504234, 6835556, 8874360, 9510612, 6909453, 6835081, 6836188, 8355820, 7512140, 7516585]
[9504979, 9499032, 6795808, 8872602, 9505381, 6856210, 6680698, 6803151, 8328180, 7003398, 7007831]
[9510189, 9504234, 6835907, 8874360, 9510612, 6909453, 6831998, 6836188, 8355820, 7512140, 7516585]
[9509738, 9503722, 6662194, 8874223, 9510120, 6903829, 6831996, 6833948, 8354440, 7467293, 7471740]
[9504979, 9499032, 6662237, 8872602, 9505381, 6856210, 6637711, 6803151, 8328180, 7003398, 7007831]
[9509354, 9503293, 6662142, 8874096, 9509690, 6899641, 6675211, 6831744, 8353633, 7423834, 7428251]
[9504979, 9499032, 6800475, 8872602, 9505381, 6856210, 6795010, 6803151, 8328180, 7003398, 7007831]
[9504979, 9499032, 6676249, 8872602, 9505381, 6856210, 6676104, 6803151, 8328180, 7003398, 7007831]
[9510189, 9504234, 6836135, 8874360, 9510612, 6909453, 6835081, 6836188, 8355820, 7512140, 7516585]
[9508492, 9502542, 6827806, 8873706, 9508874, 6894438, 6824025, 6828831, 8337634, 7375184, 7379529]
[9507074, 9501094, 6667245, 8873277, 9507438, 6878775, 6675105, 6818478, 8334090, 7234882, 7239268]
[9507074, 9501094, 6667245, 8873277, 9507438, 6878775, 6814055, 6818478, 8334090, 7234882, 7239268]
[9509354, 9503293, 6831237, 8874096, 9509690, 6899641, 6825824, 6831744, 8353633, 7423834, 7428251]
[9509738, 9503722, 6831565, 8874223, 9510120, 6903829, 6820498, 6833948, 8354440, 7467293, 7471740]
[9507074, 9501094, 6667245, 8873277, 9507438, 6878775, 6676505, 6818478, 8334090, 7234882, 7239268]
[9510189, 9504234, 6676033, 8874360, 9510612, 6909453, 6835081, 6836188, 8355820, 7512140, 7516585]
[9506641, 9500696, 6810622, 8873153, 9507050, 6874512, 6809135, 6816483, 8332995, 7193398, 7197837]
[9505478, 9499378, 6671216, 8872717, 9505735, 6860192, 6637785, 6805415, 8329040, 7051469, 7055880]
[9509354, 9503293, 6671174, 8874096, 9509690, 6899641, 6675211, 6831744, 8353633, 7423834, 7428251]
[9505478, 9499378, 6676018, 8872717, 9505735, 6860192, 6680672, 6805415, 8329040, 7051469, 7055880]
[9508492, 9502542, 6667524, 8873706, 9508874, 6894438, 6676174, 6828831, 8337634, 7375184, 7379529]
[9504979, 9499032, 6676104, 8872602, 9505381, 6856210, 6680698, 6803151, 8328180, 7003398, 7007831]
[9508492, 9502542, 6823287, 8873706, 9508874, 6894438, 6824025, 6828831, 8337634, 7375184, 7379529]
[9510189, 9504234, 6671602, 8874360, 9510612, 6909453, 6835081, 6836188, 8355820, 7512140, 7516585]
[9505478, 9499378, 6703107, 8872717, 9505735, 6860192, 6676780, 6805415, 8329040, 7051469, 7055880]
[9508008, 9502116, 6662281, 8873594, 9508425, 6889928, 6824150, 6825647, 8336614, 7333377, 7337371]
[9508492, 9502542, 6703042, 8873706, 9508874, 6894438, 6825825, 6828831, 8337634, 7375184, 7379529]
[9504979, 9499032, 6802469, 8872602, 9505381, 6856210, 6676104, 6803151, 8328180, 7003398, 7007831]
[9508492, 9502542, 6824025, 8873706, 9508874, 6894438, 6825825, 6828831, 8337634, 7375184, 7379529]
[9508008, 9502116, 6824922, 8873594, 9508425, 6889928, 6822792, 6825647, 8336614, 7333377, 7337371]
[9504979, 9499032, 6795808, 8872602, 9505381, 6856210, 6676104, 6803151, 8328180, 7003398, 7007831]
[9509354, 9503293, 6667491, 8874096, 9509690, 6899641, 6675211, 6831744, 8353633, 7423834, 7428251]
[9505478, 9499378, 6804833, 8872717, 9505735, 6860192, 6676018, 6805415, 8329040, 7051469, 7055880]
[9504979, 9499032, 6747735, 8872602, 9505381, 6856210, 6676104, 6803151, 8328180, 7003398, 7007831]
[9505478, 9499378, 6671216, 8872717, 9505735, 6860192, 6676780, 6805415, 8329040, 7051469, 7055880]
[9506641, 9500696, 6816394, 8873153, 9507050, 6874512, 6809135, 6816483, 8332995, 7193398, 7197837]
[9504979, 9499032, 6802469, 8872602, 9505381, 6856210, 6795010, 6803151, 8328180, 7003398, 7007831]
[9508008, 9502116, 6824922, 8873594, 9508425, 6889928, 6676755, 6825647, 8336614, 7333377, 7337371]
[9509738, 9503722, 6800870, 8874223, 9510120, 6903829, 6675094, 6833948, 8354440, 7467293, 7471740]
[9510189, 9504234, 6703010, 8874360, 9510612, 6909453, 6835081, 6836188, 8355820, 7512140, 7516585]
[9507074, 9501094, 6670279, 8873277, 9507438, 6878775, 6676505, 6818478, 8334090, 7234882, 7239268]
[9505478, 9499378, 6703107, 8872717, 9505735, 6860192, 6637785, 6805415, 8329040, 7051469, 7055880]
[9509354, 9503293, 6703028, 8874096, 9509690, 6899641, 6825824, 6831744, 8353633, 7423834, 7428251]
[9507074, 9501094, 6675105, 8873277, 9507438, 6878775, 6811791, 6818478, 8334090, 7234882, 7239268]
[9509738, 9503722, 6670606, 8874223, 9510120, 6903829, 6676929, 6833948, 8354440, 7467293, 7471740]
[9507074, 9501094, 6818035, 8873277, 9507438, 6878775, 6809139, 6818478, 8334090, 7234882, 7239268]
[9504979, 9499032, 6667202, 8872602, 9505381, 6856210, 6676249, 6803151, 8328180, 7003398, 7007831]
[9507074, 9501094, 6666590, 8873277, 9507438, 6878775, 6811791, 6818478, 8334090, 7234882, 7239268]
[9507074, 9501094, 6801404, 8873277, 9507438, 6878775, 6811791, 6818478, 8334090, 7234882, 7239268]
[9507074, 9501094, 6817751, 8873277, 9507438, 6878775, 6809139, 6818478, 8334090, 7234882, 7239268]
[9508008, 9502116, 6825208, 8873594, 9508425, 6889928, 6676755, 6825647, 8336614, 7333377, 7337371]
[9507074, 9501094, 6702922, 8873277, 9507438, 6878775, 6676505, 6818478, 8334090, 7234882, 7239268]
[9509354, 9503293, 6797177, 8874096, 9509690, 6899641, 6825824, 6831744, 8353633, 7423834, 7428251]
[9507074, 9501094, 6702922, 8873277, 9507438, 6878775, 6811791, 6818478, 8334090, 7234882, 7239268]
[9504979, 9499032, 6795808, 8872602, 9505381, 6856210, 6676249, 6803151, 8328180, 7003398, 7007831]
[9510189, 9504234, 6835883, 8874360, 9510612, 6909453, 6831998, 6836188, 8355820, 7512140, 7516585]
[9505478, 9499378, 6804833, 8872717, 9505735, 6860192, 6637785, 6805415, 8329040, 7051469, 7055880]
[9504979, 9499032, 6667202, 8872602, 9505381, 6856210, 6795010, 6803151, 8328180, 7003398, 7007831]
[9505478, 9499378, 6662064, 8872717, 9505735, 6860192, 6803327, 6805415, 8329040, 7051469, 7055880]
[9510189, 9504234, 6677135, 8874360, 9510612, 6909453, 6835081, 6836188, 8355820, 7512140, 7516585]
[9508008, 9502116, 6824922, 8873594, 9508425, 6889928, 6824150, 6825647, 8336614, 7333377, 7337371]
[9509738, 9503722, 6833595, 8874223, 9510120, 6903829, 6831996, 6833948, 8354440, 7467293, 7471740]
[9505478, 9499378, 6804386, 8872717, 9505735, 6860192, 6680672, 6805415, 8329040, 7051469, 7055880]
[9507074, 9501094, 6814762, 8873277, 9507438, 6878775, 6675105, 6818478, 8334090, 7234882, 7239268]
[9509354, 9503293, 6830244, 8874096, 9509690, 6899641, 6675211, 6831744, 8353633, 7423834, 7428251]
[9506641, 9500696, 6816372, 8873153, 9507050, 6874512, 6809135, 6816483, 8332995, 7193398, 7197837]
[9510189, 9504234, 6835883, 8874360, 9510612, 6909453, 6835081, 6836188, 8355820, 7512140, 7516585]
[9505478, 9499378, 6805195, 8872717, 9505735, 6860192, 6676780, 6805415, 8329040, 7051469, 7055880]
[9505478, 9499378, 6676780, 8872717, 9505735, 6860192, 6676018, 6805415, 8329040, 7051469, 7055880]
[9508492, 9502542, 6827598, 8873706, 9508874, 6894438, 6825825, 6828831, 8337634, 7375184, 7379529]
[9505478, 9499378, 6803644, 8872717, 9505735, 6860192, 6680672, 6805415, 8329040, 7051469, 7055880]
[9504979, 9499032, 6801645, 8872602, 9505381, 6856210, 6637711, 6803151, 8328180, 7003398, 7007831]
[9506641, 9500696, 6671467, 8873153, 9507050, 6874512, 6809135, 6816483, 8332995, 7193398, 7197837]
[9508008, 9502116, 6822989, 8873594, 9508425, 6889928, 6676755, 6825647, 8336614, 7333377, 7337371]
[9504979, 9499032, 6800475, 8872602, 9505381, 6856210, 6676104, 6803151, 8328180, 7003398, 7007831]
[9508492, 9502542, 6675973, 8873706, 9508874, 6894438, 6825825, 6828831, 8337634, 7375184, 7379529]
[9508008, 9502116, 6662281, 8873594, 9508425, 6889928, 6822792, 6825647, 8336614, 7333377, 7337371]
[9507074, 9501094, 6814762, 8873277, 9507438, 6878775, 6814055, 6818478, 8334090, 7234882, 7239268]
[9505478, 9499378, 6676780, 8872717, 9505735, 6860192, 6637785, 6805415, 8329040, 7051469, 7055880]
[9508008, 9502116, 6822989, 8873594, 9508425, 6889928, 6676069, 6825647, 8336614, 7333377, 7337371]
[9505478, 9499378, 6802374, 8872717, 9505735, 6860192, 6676018, 6805415, 8329040, 7051469, 7055880]
[9509738, 9503722, 6666802, 8874223, 9510120, 6903829, 6675094, 6833948, 8354440, 7467293, 7471740]
[9506170, 9500185, 6661857, 8873018, 9506549, 6868691, 6809133, 6812271, 8331553, 7149034, 7153504]
[9504979, 9499032, 6667971, 8872602, 9505381, 6856210, 6637711, 6803151, 8328180, 7003398, 7007831]
[9509354, 9503293, 6831358, 8874096, 9509690, 6899641, 6825824, 6831744, 8353633, 7423834, 7428251]
[9505478, 9499378, 6668244, 8872717, 9505735, 6860192, 6803327, 6805415, 8329040, 7051469, 7055880]
[9509738, 9503722, 6703087, 8874223, 9510120, 6903829, 6676929, 6833948, 8354440, 7467293, 7471740]
[9504979, 9499032, 6637711, 8872602, 9505381, 6856210, 6680698, 6803151, 8328180, 7003398, 7007831]
[9507074, 9501094, 6662037, 8873277, 9507438, 6878775, 6809139, 6818478, 8334090, 7234882, 7239268]
[9509738, 9503722, 6662194, 8874223, 9510120, 6903829, 6824111, 6833948, 8354440, 7467293, 7471740]
[9509738, 9503722, 6670606, 8874223, 9510120, 6903829, 6675094, 6833948, 8354440, 7467293, 7471740]
[9509738, 9503722, 6800870, 8874223, 9510120, 6903829, 6831996, 6833948, 8354440, 7467293, 7471740]
