[9516789, 9504605, 8326649, 9498245, 9498244, 9504573, 9520166, 6727487, 6929200, 6847828]
[9516789, 9504575, 8326651, 9498247, 9498246, 9504584, 9520417, 6689440, 6929448, 6847891]
[9516789, 9504614, 8326652, 9498249, 9498248, 9504588, 9520093, 6689756, 6929450, 6847895]
[9516789, 9504577, 8326656, 9498257, 9498256, 9504587, 9520409, 6705055, 6929513, 6847925]
[9516789, 9504586, 8326653, 9498251, 9498250, 9504613, 9520471, 6689421, 6929464, 6847902]
[9516789, 9504602, 8326654, 9498253, 9498252, 9504579, 9520445, 6718854, 6929478, 6847908]
[9516789, 9504620, 8326658, 9498261, 9498260, 9504583, 9520199, 6666711, 6929543, 6847931]
[9516789, 9504586, 8326653, 9498251, 9498250, 9504613, 9520471, 6705189, 6929464, 6847902]
[9516789, 9504611, 8326659, 9498263, 9498262, 9504589, 9520226, 6717766, 6929559, 6847935]
[9516789, 9504611, 8326659, 9498263, 9498262, 9504589, 9520226, 6683978, 6929559, 6847935]
[9516789, 9504577, 8326656, 9498257, 9498256, 9504587, 9520409, 6717740, 6929513, 6847925]
[9516789, 9504614, 8326652, 9498249, 9498248, 9504588, 9520093, 6689237, 6929450, 6847895]
[9516789, 9504605, 8326649, 9498245, 9498244, 9504573, 9520166, 6715553, 6929200, 6847828]
[9516789, 9504575, 8326651, 9498247, 9498246, 9504584, 9520417, 6689745, 6929448, 6847891]
[9516789, 9504611, 8326659, 9498263, 9498262, 9504589, 9520226, 6638889, 6929559, 6847935]
[9516789, 9504614, 8326652, 9498249, 9498248, 9504588, 9520093, 6664879, 6929450, 6847895]
[9516789, 9504620, 8326658, 9498261, 9498260, 9504583, 9520199, 6689311, 6929543, 6847931]
[9516789, 9504614, 8326652, 9498249, 9498248, 9504588, 9520093, 6718803, 6929450, 6847895]
[9516789, 9504605, 8326649, 9498245, 9498244, 9504573, 9520166, 6727493, 6929200, 6847828]
[9516789, 9504575, 8326651, 9498247, 9498246, 9504584, 9520417, 6718691, 6929448, 6847891]
[9516789, 9504575, 8326651, 9498247, 9498246, 9504584, 9520417, 6718308, 6929448, 6847891]
[9516789, 9504611, 8326659, 9498263, 9498262, 9504589, 9520226, 6664552, 6929559, 6847935]
[9516789, 9504620, 8326658, 9498261, 9498260, 9504583, 9520199, 6718461, 6929543, 6847931]
[9516789, 9504602, 8326654, 9498253, 9498252, 9504579, 9520445, 6715699, 6929478, 6847908]
[9516789, 9504591, 8326657, 9498259, 9498258, 9504609, 9520533, 6717697, 6929541, 6847929]
[9516789, 9504605, 8326649, 9498245, 9498244, 9504573, 9520166, 6718091, 6929200, 6847828]
[9516789, 9504602, 8326654, 9498253, 9498252, 9504579, 9520445, 6727530, 6929478, 6847908]
[9516789, 9504602, 8326654, 9498253, 9498252, 9504579, 9520445, 6727485, 6929478, 6847908]
[9516789, 9504602, 8326654, 9498253, 9498252, 9504579, 9520445, 6718514, 6929478, 6847908]
[9516789, 9504602, 8326654, 9498253, 9498252, 9504579, 9520445, 6638569, 6929478, 6847908]
[9516789, 9504605, 8326649, 9498245, 9498244, 9504573, 9520166, 6689437, 6929200, 6847828]
[9516789, 9504577, 8326656, 9498257, 9498256, 9504587, 9520409, 6715861, 6929513, 6847925]
[9516789, 9504591, 8326657, 9498259, 9498258, 9504609, 9520533, 6666124, 6929541, 6847929]
[9516789, 9504591, 8326657, 9498259, 9498258, 9504609, 9520533, 6684111, 6929541, 6847929]
[9516789, 9504577, 8326656, 9498257, 9498256, 9504587, 9520409, 6727538, 6929513, 6847925]
[9516789, 9504575, 8326651, 9498247, 9498246, 9504584, 9520417, 6727516, 6929448, 6847891]
[9516789, 9504605, 8326649, 9498245, 9498244, 9504573, 9520166, 6639165, 6929200, 6847828]
[9516789, 9504591, 8326657, 9498259, 9498258, 9504609, 9520533, 6664928, 6929541, 6847929]
[9516789, 9504586, 8326653, 9498251, 9498250, 9504613, 9520471, 6727491, 6929464, 6847902]
[9516789, 9504591, 8326657, 9498259, 9498258, 9504609, 9520533, 6705029, 6929541, 6847929]
[9516789, 9504602, 8326654, 9498253, 9498252, 9504579, 9520445, 6689405, 6929478, 6847908]
[9516789, 9504591, 8326657, 9498259, 9498258, 9504609, 9520533, 6689794, 6929541, 6847929]
[9516789, 9504602, 8326654, 9498253, 9498252, 9504579, 9520445, 6705116, 6929478, 6847908]
[9516789, 9504577, 8326656, 9498257, 9498256, 9504587, 9520409, 6718205, 6929513, 6847925]
[9516789, 9504620, 8326658, 9498261, 9498260, 9504583, 9520199, 6718112, 6929543, 6847931]
[9516789, 9504575, 8326651, 9498247, 9498246, 9504584, 9520417, 6683960, 6929448, 6847891]
[9516789, 9504620, 8326658, 9498261, 9498260, 9504583, 9520199, 6639282, 6929543, 6847931]
[9516789, 9504602, 8326654, 9498253, 9498252, 9504579, 9520445, 6689749, 6929478, 6847908]
[9516789, 9504591, 8326657, 9498259, 9498258, 9504609, 9520533, 6718240, 6929541, 6847929]
[9516789, 9504614, 8326652, 9498249, 9498248, 9504588, 9520093, 6715813, 6929450, 6847895]
[9516789, 9504575, 8326651, 9498247, 9498246, 9504584, 9520417, 6664391, 6929448, 6847891]
[9516789, 9504602, 8326654, 9498253, 9498252, 9504579, 9520445, 6717724, 6929478, 6847908]
[9516789, 9504591, 8326657, 9498259, 9498258, 9504609, 9520533, 6727544, 6929541, 6847929]
[9516789, 9504605, 8326649, 9498245, 9498244, 9504573, 9520166, 6718851, 6929200, 6847828]
[9516789, 9504591, 8326657, 9498259, 9498258, 9504609, 9520533, 6719021, 6929541, 6847929]
[9516789, 9504614, 8326652, 9498249, 9498248, 9504588, 9520093, 6684325, 6929450, 6847895]
[9516789, 9504620, 8326658, 9498261, 9498260, 9504583, 9520199, 6705069, 6929543, 6847931]
[9516789, 9504591, 8326657, 9498259, 9498258, 9504609, 9520533, 6638909, 6929541, 6847929]
[9516789, 9504611, 8326659, 9498263, 9498262, 9504589, 9520226, 6727553, 6929559, 6847935]
[9516789, 9504602, 8326654, 9498253, 9498252, 9504579, 9520445, 6664466, 6929478, 6847908]
[9516789, 9504591, 8326657, 9498259, 9498258, 9504609, 9520533, 6727483, 6929541, 6847929]
[9516789, 9504620, 8326658, 9498261, 9498260, 9504583, 9520199, 6727481, 6929543, 6847931]
[9516789, 9504611, 8326659, 9498263, 9498262, 9504589, 9520226, 6727486, 6929559, 6847935]
[9516789, 9504586, 8326653, 9498251, 9498250, 9504613, 9520471, 6718136, 6929464, 6847902]
[9516789, 9504575, 8326651, 9498247, 9498246, 9504584, 9520417, 6638622, 6929448, 6847891]
[9516789, 9504605, 8326649, 9498245, 9498244, 9504573, 9520166, 6704800, 6929200, 6847828]
[9516789, 9504614, 8326652, 9498249, 9498248, 9504588, 9520093, 6665434, 6929450, 6847895]
[9516789, 9504591, 8326657, 9498259, 9498258, 9504609, 9520533, 6715575, 6929541, 6847929]
[9516789, 9504575, 8326651, 9498247, 9498246, 9504584, 9520417, 6704762, 6929448, 6847891]
[9516789, 9504614, 8326652, 9498249, 9498248, 9504588, 9520093, 6717802, 6929450, 6847895]
[9516789, 9504614, 8326652, 9498249, 9498248, 9504588, 9520093, 6704707, 6929450, 6847895]
[9516789, 9504586, 8326653, 9498251, 9498250, 9504613, 9520471, 6638783, 6929464, 6847902]
[9516789, 9504586, 8326653, 9498251, 9498250, 9504613, 9520471, 6718896, 6929464, 6847902]
[9516789, 9504586, 8326653, 9498251, 9498250, 9504613, 9520471, 6684172, 6929464, 6847902]
[9516789, 9504614, 8326652, 9498249, 9498248, 9504588, 9520093, 6727521, 6929450, 6847895]
[9516789, 9504577, 8326656, 9498257, 9498256, 9504587, 9520409, 6718723, 6929513, 6847925]
[9516789, 9504575, 8326651, 9498247, 9498246, 9504584, 9520417, 6717778, 6929448, 6847891]
[9516789, 9504577, 8326656, 9498257, 9498256, 9504587, 9520409, 6683964, 6929513, 6847925]
[9516789, 9504605, 8326649, 9498245, 9498244, 9504573, 9520166, 6718601, 6929200, 6847828]
[9516789, 9504591, 8326657, 9498259, 9498258, 9504609, 9520533, 6689370, 6929541, 6847929]
[9516789, 9504605, 8326649, 9498245, 9498244, 9504573, 9520166, 6689832, 6929200, 6847828]
[9516789, 9504577, 8326656, 9498257, 9498256, 9504587, 9520409, 6638591, 6929513, 6847925]
[9516789, 9504577, 8326656, 9498257, 9498256, 9504587, 9520409, 6727484, 6929513, 6847925]
[9516789, 9504620, 8326658, 9498261, 9498260, 9504583, 9520199, 6727548, 6929543, 6847931]
[9516789, 9504614, 8326652, 9498249, 9498248, 9504588, 9520093, 6639142, 6929450, 6847895]
[9516789, 9504611, 8326659, 9498263, 9498262, 9504589, 9520226, 6689383, 6929559, 6847935]
[9516789, 9504586, 8326653, 9498251, 9498250, 9504613, 9520471, 6718463, 6929464, 6847902]
[9516789, 9504620, 8326658, 9498261, 9498260, 9504583, 9520199, 6684064, 6929543, 6847931]
[9516789, 9504602, 8326654, 9498253, 9498252, 9504579, 9520445, 6666509, 6929478, 6847908]
[9516789, 9504605, 8326649, 9498245, 9498244, 9504573, 9520166, 6683961, 6929200, 6847828]
[9516789, 9504620, 8326658, 9498261, 9498260, 9504583, 9520199, 6719045, 6929543, 6847931]
[9516789, 9504620, 8326658, 9498261, 9498260, 9504583, 9520199, 6715425, 6929543, 6847931]
[9516789, 9504620, 8326658, 9498261, 9498260, 9504583, 9520199, 6664664, 6929543, 6847931]
[9516789, 9504611, 8326659, 9498263, 9498262, 9504589, 9520226, 6704689, 6929559, 6847935]
[9516789, 9504575, 8326651, 9498247, 9498246, 9504584, 9520417, 6666156, 6929448, 6847891]
[9516789, 9504614, 8326652, 9498249, 9498248, 9504588, 9520093, 6727490, 6929450, 6847895]
[9516789, 9504602, 8326654, 9498253, 9498252, 9504579, 9520445, 6683956, 6929478, 6847908]
[9516789, 9504605, 8326649, 9498245, 9498244, 9504573, 9520166, 6666595, 6929200, 6847828]
[9516789, 9504577, 8326656, 9498257, 9498256, 9504587, 9520409, 6689780, 6929513, 6847925]
[9516789, 9504586, 8326653, 9498251, 9498250, 9504613, 9520471, 6689823, 6929464, 6847902]
[9516789, 9504611, 8326659, 9498263, 9498262, 9504589, 9520226, 6689735, 6929559, 6847935]
[9516789, 9504605, 8326649, 9498245, 9498244, 9504573, 9520166, 6664487, 6929200, 6847828]
[9516789, 9504575, 8326651, 9498247, 9498246, 9504584, 9520417, 6715591, 6929448, 6847891]
[9516789, 9504586, 8326653, 9498251, 9498250, 9504613, 9520471, 6727525, 6929464, 6847902]
[9516789, 9504614, 8326652, 9498249, 9498248, 9504588, 9520093, 6718536, 6929450, 6847895]
[9516789, 9504575, 8326651, 9498247, 9498246, 9504584, 9520417, 6727488, 6929448, 6847891]
