[7111046, 7107482, 5121165, 6546008, 7111281, 5170015, 5125594, 5128763, 6199108, 5396027, 5396034]
[7109520, 7106115, 5094851, 6545551, 7109902, 5151701, 5064410, 5109030, 6194412, 5241977, 5241993]
[7109520, 7106115, 5046111, 6545551, 7109902, 5151701, 5065008, 5109030, 6194412, 5241977, 5241993]
[7109968, 7106308, 5064835, 6545626, 7110104, 5154242, 5064251, 5117542, 6195455, 5267881, 5267927]
[7111760, 7108177, 5060163, 6546340, 7111958, 5181604, 5064010, 5134730, 6201476, 5505029, 5505036]
[7111542, 7107928, 5126490, 6546252, 7111712, 5176855, 5012652, 5132936, 6200893, 5467879, 5467882]
[7110443, 7106954, 5120548, 6545861, 7110758, 5163377, 5065106, 5123607, 6197781, 5338502, 5338503]
[7109968, 7106308, 5060162, 6545626, 7110104, 5154242, 5064251, 5117542, 6195455, 5267881, 5267927]
[7110443, 7106954, 5064335, 6545861, 7110758, 5163377, 5064446, 5123607, 6197781, 5338502, 5338503]
[7111760, 7108177, 5120418, 6546340, 7111958, 5181604, 5012874, 5134730, 6201476, 5505029, 5505036]
[7109968, 7106308, 5110880, 6545626, 7110104, 5154242, 5064251, 5117542, 6195455, 5267881, 5267927]
[7109968, 7106308, 5012697, 6545626, 7110104, 5154242, 5082080, 5117542, 6195455, 5267881, 5267927]
[7111986, 7108466, 5047843, 6546422, 7112224, 5185675, 5135181, 5137598, 6201990, 5538548, 5538554]
[7111760, 7108177, 5120418, 6546340, 7111958, 5181604, 5064010, 5134730, 6201476, 5505029, 5505036]
[7111760, 7108177, 5134601, 6546340, 7111958, 5181604, 5129351, 5134730, 6201476, 5505029, 5505036]
[7111986, 7108466, 5135535, 6546422, 7112224, 5185675, 5063901, 5137598, 6201990, 5538548, 5538554]
[7111046, 7107482, 5013082, 6546008, 7111281, 5170015, 5125594, 5128763, 6199108, 5396027, 5396034]
[7110794, 7107161, 5121213, 6545929, 7110982, 5165634, 5121762, 5124976, 6198330, 5364290, 5364320]
[7110443, 7106954, 5119967, 6545861, 7110758, 5163377, 5064335, 5123607, 6197781, 5338502, 5338503]
[7110443, 7106954, 5060227, 6545861, 7110758, 5163377, 5064446, 5123607, 6197781, 5338502, 5338503]
[7109968, 7106308, 5099701, 6545626, 7110104, 5154242, 5064835, 5117542, 6195455, 5267881, 5267927]
[7111542, 7107928, 5120647, 6546252, 7111712, 5176855, 5063697, 5132936, 6200893, 5467879, 5467882]
[7112808, 7109296, 5140887, 6546680, 7113035, 5197480, 5142061, 5143022, 6204878, 5632319, 5632325]
[7109520, 7106115, 5042634, 6545551, 7109902, 5151701, 5082077, 5109030, 6194412, 5241977, 5241993]
[7110443, 7106954, 5123176, 6545861, 7110758, 5163377, 5064335, 5123607, 6197781, 5338502, 5338503]
[7109968, 7106308, 5064835, 6545626, 7110104, 5154242, 5064535, 5117542, 6195455, 5267881, 5267927]
[7110443, 7106954, 5119967, 6545861, 7110758, 5163377, 5065106, 5123607, 6197781, 5338502, 5338503]
[7111760, 7108177, 5046108, 6546340, 7111958, 5181604, 5128844, 5134730, 6201476, 5505029, 5505036]
[7111542, 7107928, 5132742, 6546252, 7111712, 5176855, 5063697, 5132936, 6200893, 5467879, 5467882]
[7111986, 7108466, 5135535, 6546422, 7112224, 5185675, 5135181, 5137598, 6201990, 5538548, 5538554]
[7109968, 7106308, 5110880, 6545626, 7110104, 5154242, 5012697, 5117542, 6195455, 5267881, 5267927]
[7111046, 7107482, 5127638, 6546008, 7111281, 5170015, 5125594, 5128763, 6199108, 5396027, 5396034]
[7109968, 7106308, 5099701, 6545626, 7110104, 5154242, 5082080, 5117542, 6195455, 5267881, 5267927]
[7110443, 7106954, 5123490, 6545861, 7110758, 5163377, 5121759, 5123607, 6197781, 5338502, 5338503]
[7110794, 7107161, 5120688, 6545929, 7110982, 5165634, 5121762, 5124976, 6198330, 5364290, 5364320]
[7110443, 7106954, 5121904, 6545861, 7110758, 5163377, 5064335, 5123607, 6197781, 5338502, 5338503]
[7111986, 7108466, 5137514, 6546422, 7112224, 5185675, 5135181, 5137598, 6201990, 5538548, 5538554]
[7112808, 7109296, 5046189, 6546680, 7113035, 5197480, 5142061, 5143022, 6204878, 5632319, 5632325]
[7109520, 7106115, 5099778, 6545551, 7109902, 5151701, 5065008, 5109030, 6194412, 5241977, 5241993]
[7112241, 7108663, 5135657, 6546504, 7112426, 5188495, 5138141, 5139447, 6202490, 5564239, 5564272]
[7111760, 7108177, 5132722, 6546340, 7111958, 5181604, 5134462, 5134730, 6201476, 5505029, 5505036]
[7110443, 7106954, 5048048, 6545861, 7110758, 5163377, 5064335, 5123607, 6197781, 5338502, 5338503]
[7112808, 7109296, 5137242, 6546680, 7113035, 5197480, 5142061, 5143022, 6204878, 5632319, 5632325]
[7110794, 7107161, 5040890, 6545929, 7110982, 5165634, 5121762, 5124976, 6198330, 5364290, 5364320]
[7111542, 7107928, 5049375, 6546252, 7111712, 5176855, 5063697, 5132936, 6200893, 5467879, 5467882]
[7109520, 7106115, 5099778, 6545551, 7109902, 5151701, 5064029, 5109030, 6194412, 5241977, 5241993]
[7111760, 7108177, 5131658, 6546340, 7111958, 5181604, 5134462, 5134730, 6201476, 5505029, 5505036]
[7111542, 7107928, 5046323, 6546252, 7111712, 5176855, 5129354, 5132936, 6200893, 5467879, 5467882]
[7109968, 7106308, 5105448, 6545626, 7110104, 5154242, 5012697, 5117542, 6195455, 5267881, 5267927]
[7112241, 7108663, 5138442, 6546504, 7112426, 5188495, 5138141, 5139447, 6202490, 5564239, 5564272]
[7111046, 7107482, 5120643, 6546008, 7111281, 5170015, 5125594, 5128763, 6199108, 5396027, 5396034]
[7109968, 7106308, 5060162, 6545626, 7110104, 5154242, 5064835, 5117542, 6195455, 5267881, 5267927]
[7110443, 7106954, 5121210, 6545861, 7110758, 5163377, 5121759, 5123607, 6197781, 5338502, 5338503]
[7110443, 7106954, 5048855, 6545861, 7110758, 5163377, 5121759, 5123607, 6197781, 5338502, 5338503]
[7110443, 7106954, 5065106, 6545861, 7110758, 5163377, 5012771, 5123607, 6197781, 5338502, 5338503]
[7111760, 7108177, 5134660, 6546340, 7111958, 5181604, 5129351, 5134730, 6201476, 5505029, 5505036]
[7109520, 7106115, 5052876, 6545551, 7109902, 5151701, 5064029, 5109030, 6194412, 5241977, 5241993]
[7110443, 7106954, 5065106, 6545861, 7110758, 5163377, 5064446, 5123607, 6197781, 5338502, 5338503]
[7110443, 7106954, 5048048, 6545861, 7110758, 5163377, 5121759, 5123607, 6197781, 5338502, 5338503]
[7111542, 7107928, 5132589, 6546252, 7111712, 5176855, 5012652, 5132936, 6200893, 5467879, 5467882]
[7109520, 7106115, 5048592, 6545551, 7109902, 5151701, 5082077, 5109030, 6194412, 5241977, 5241993]
[7111542, 7107928, 5049375, 6546252, 7111712, 5176855, 5128810, 5132936, 6200893, 5467879, 5467882]
[7109968, 7106308, 5046170, 6545626, 7110104, 5154242, 5082080, 5117542, 6195455, 5267881, 5267927]
[7111542, 7107928, 5120647, 6546252, 7111712, 5176855, 5012652, 5132936, 6200893, 5467879, 5467882]
[7109968, 7106308, 5052997, 6545626, 7110104, 5154242, 5064535, 5117542, 6195455, 5267881, 5267927]
[7110443, 7106954, 5121210, 6545861, 7110758, 5163377, 5064446, 5123607, 6197781, 5338502, 5338503]
[7111542, 7107928, 5049375, 6546252, 7111712, 5176855, 5129354, 5132936, 6200893, 5467879, 5467882]
[7111760, 7108177, 5131658, 6546340, 7111958, 5181604, 5128844, 5134730, 6201476, 5505029, 5505036]
[7109968, 7106308, 5060162, 6545626, 7110104, 5154242, 5064535, 5117542, 6195455, 5267881, 5267927]
[7112808, 7109296, 5142818, 6546680, 7113035, 5197480, 5142061, 5143022, 6204878, 5632319, 5632325]
[7111760, 7108177, 5134601, 6546340, 7111958, 5181604, 5012874, 5134730, 6201476, 5505029, 5505036]
[7109520, 7106115, 5041026, 6545551, 7109902, 5151701, 5064410, 5109030, 6194412, 5241977, 5241993]
[7109968, 7106308, 5042963, 6545626, 7110104, 5154242, 5064535, 5117542, 6195455, 5267881, 5267927]
[7109968, 7106308, 5105448, 6545626, 7110104, 5154242, 5082080, 5117542, 6195455, 5267881, 5267927]
[7111542, 7107928, 5132842, 6546252, 7111712, 5176855, 5063697, 5132936, 6200893, 5467879, 5467882]
[7109520, 7106115, 5048879, 6545551, 7109902, 5151701, 5082077, 5109030, 6194412, 5241977, 5241993]
[7109968, 7106308, 5042963, 6545626, 7110104, 5154242, 5064251, 5117542, 6195455, 5267881, 5267927]
[7111542, 7107928, 5132842, 6546252, 7111712, 5176855, 5129354, 5132936, 6200893, 5467879, 5467882]
[7111760, 7108177, 5133671, 6546340, 7111958, 5181604, 5128844, 5134730, 6201476, 5505029, 5505036]
[7110443, 7106954, 5060227, 6545861, 7110758, 5163377, 5064335, 5123607, 6197781, 5338502, 5338503]
[7111542, 7107928, 5131982, 6546252, 7111712, 5176855, 5012652, 5132936, 6200893, 5467879, 5467882]
[7109968, 7106308, 5105448, 6545626, 7110104, 5154242, 5064835, 5117542, 6195455, 5267881, 5267927]
[7109968, 7106308, 5047659, 6545626, 7110104, 5154242, 5064251, 5117542, 6195455, 5267881, 5267927]
[7112808, 7109296, 5142999, 6546680, 7113035, 5197480, 5142061, 5143022, 6204878, 5632319, 5632325]
[7109968, 7106308, 5099701, 6545626, 7110104, 5154242, 5064251, 5117542, 6195455, 5267881, 5267927]
[7109968, 7106308, 5049091, 6545626, 7110104, 5154242, 5064535, 5117542, 6195455, 5267881, 5267927]
[7110443, 7106954, 5041701, 6545861, 7110758, 5163377, 5012771, 5123607, 6197781, 5338502, 5338503]
[7112808, 7109296, 5049063, 6546680, 7113035, 5197480, 5142061, 5143022, 6204878, 5632319, 5632325]
[7111542, 7107928, 5060228, 6546252, 7111712, 5176855, 5064927, 5132936, 6200893, 5467879, 5467882]
[7110443, 7106954, 5048048, 6545861, 7110758, 5163377, 5064446, 5123607, 6197781, 5338502, 5338503]
[7112808, 7109296, 5064343, 6546680, 7113035, 5197480, 5142061, 5143022, 6204878, 5632319, 5632325]
[7110794, 7107161, 5120033, 6545929, 7110982, 5165634, 5121762, 5124976, 6198330, 5364290, 5364320]
[7110443, 7106954, 5119967, 6545861, 7110758, 5163377, 5121759, 5123607, 6197781, 5338502, 5338503]
[7110443, 7106954, 5046106, 6545861, 7110758, 5163377, 5065106, 5123607, 6197781, 5338502, 5338503]
[7111760, 7108177, 5131658, 6546340, 7111958, 5181604, 5012874, 5134730, 6201476, 5505029, 5505036]
[7109520, 7106115, 5042634, 6545551, 7109902, 5151701, 5064410, 5109030, 6194412, 5241977, 5241993]
[7111760, 7108177, 5133671, 6546340, 7111958, 5181604, 5064010, 5134730, 6201476, 5505029, 5505036]
[7111542, 7107928, 5120647, 6546252, 7111712, 5176855, 5129354, 5132936, 6200893, 5467879, 5467882]
[7111542, 7107928, 5049375, 6546252, 7111712, 5176855, 5012652, 5132936, 6200893, 5467879, 5467882]
[7111986, 7108466, 5047843, 6546422, 7112224, 5185675, 5063901, 5137598, 6201990, 5538548, 5538554]
[7109968, 7106308, 5052997, 6545626, 7110104, 5154242, 5064835, 5117542, 6195455, 5267881, 5267927]
[7109968, 7106308, 5042963, 6545626, 7110104, 5154242, 5012697, 5117542, 6195455, 5267881, 5267927]
[7109968, 7106308, 5060162, 6545626, 7110104, 5154242, 5082080, 5117542, 6195455, 5267881, 5267927]
[7109968, 7106308, 5105448, 6545626, 7110104, 5154242, 5064535, 5117542, 6195455, 5267881, 5267927]
[7109968, 7106308, 5050894, 6545626, 7110104, 5154242, 5082080, 5117542, 6195455, 5267881, 5267927]
[7110443, 7106954, 5048048, 6545861, 7110758, 5163377, 5065106, 5123607, 6197781, 5338502, 5338503]
[7112241, 7108663, 5046459, 6546504, 7112426, 5188495, 5138141, 5139447, 6202490, 5564239, 5564272]
[7110443, 7106954, 5046106, 6545861, 7110758, 5163377, 5064335, 5123607, 6197781, 5338502, 5338503]
[7109520, 7106115, 5094851, 6545551, 7109902, 5151701, 5012563, 5109030, 6194412, 5241977, 5241993]
[7110443, 7106954, 5065106, 6545861, 7110758, 5163377, 5064335, 5123607, 6197781, 5338502, 5338503]
[7111760, 7108177, 5134660, 6546340, 7111958, 5181604, 5134462, 5134730, 6201476, 5505029, 5505036]
[7110443, 7106954, 5041701, 6545861, 7110758, 5163377, 5121759, 5123607, 6197781, 5338502, 5338503]
[7111046, 7107482, 5046327, 6546008, 7111281, 5170015, 5125594, 5128763, 6199108, 5396027, 5396034]
[7111542, 7107928, 5046323, 6546252, 7111712, 5176855, 5064927, 5132936, 6200893, 5467879, 5467882]
[7111542, 7107928, 5132842, 6546252, 7111712, 5176855, 5012652, 5132936, 6200893, 5467879, 5467882]
[7111760, 7108177, 5133671, 6546340, 7111958, 5181604, 5134462, 5134730, 6201476, 5505029, 5505036]
[7110443, 7106954, 5064446, 6545861, 7110758, 5163377, 5065106, 5123607, 6197781, 5338502, 5338503]
[7110443, 7106954, 5046106, 6545861, 7110758, 5163377, 5012771, 5123607, 6197781, 5338502, 5338503]
[7109520, 7106115, 5099778, 6545551, 7109902, 5151701, 5064410, 5109030, 6194412, 5241977, 5241993]
[7109968, 7106308, 5046170, 6545626, 7110104, 5154242, 5012697, 5117542, 6195455, 5267881, 5267927]
[7111542, 7107928, 5132742, 6546252, 7111712, 5176855, 5129354, 5132936, 6200893, 5467879, 5467882]
[7110443, 7106954, 5121904, 6545861, 7110758, 5163377, 5012771, 5123607, 6197781, 5338502, 5338503]
[7109968, 7106308, 5046170, 6545626, 7110104, 5154242, 5064251, 5117542, 6195455, 5267881, 5267927]
[7109520, 7106115, 5105475, 6545551, 7109902, 5151701, 5064029, 5109030, 6194412, 5241977, 5241993]
[7111986, 7108466, 5136483, 6546422, 7112224, 5185675, 5063901, 5137598, 6201990, 5538548, 5538554]
[7109968, 7106308, 5064535, 6545626, 7110104, 5154242, 5082080, 5117542, 6195455, 5267881, 5267927]
[7109520, 7106115, 5046111, 6545551, 7109902, 5151701, 5064410, 5109030, 6194412, 5241977, 5241993]
[7110443, 7106954, 5120548, 6545861, 7110758, 5163377, 5064446, 5123607, 6197781, 5338502, 5338503]
[7111542, 7107928, 5048037, 6546252, 7111712, 5176855, 5064927, 5132936, 6200893, 5467879, 5467882]
[7109968, 7106308, 5041014, 6545626, 7110104, 5154242, 5064535, 5117542, 6195455, 5267881, 5267927]
[7111542, 7107928, 5132904, 6546252, 7111712, 5176855, 5129354, 5132936, 6200893, 5467879, 5467882]
[7110443, 7106954, 5120548, 6545861, 7110758, 5163377, 5064335, 5123607, 6197781, 5338502, 5338503]
[7110443, 7106954, 5064335, 6545861, 7110758, 5163377, 5012771, 5123607, 6197781, 5338502, 5338503]
[7111046, 7107482, 5125692, 6546008, 7111281, 5170015, 5125594, 5128763, 6199108, 5396027, 5396034]
[7110443, 7106954, 5048855, 6545861, 7110758, 5163377, 5064446, 5123607, 6197781, 5338502, 5338503]
[7110443, 7106954, 5121210, 6545861, 7110758, 5163377, 5065106, 5123607, 6197781, 5338502, 5338503]
[7110443, 7106954, 5041701, 6545861, 7110758, 5163377, 5064335, 5123607, 6197781, 5338502, 5338503]
[7111542, 7107928, 5132842, 6546252, 7111712, 5176855, 5064927, 5132936, 6200893, 5467879, 5467882]
[7109520, 7106115, 5048879, 6545551, 7109902, 5151701, 5064029, 5109030, 6194412, 5241977, 5241993]
[7111760, 7108177, 5046108, 6546340, 7111958, 5181604, 5012874, 5134730, 6201476, 5505029, 5505036]
[7111760, 7108177, 5132722, 6546340, 7111958, 5181604, 5064010, 5134730, 6201476, 5505029, 5505036]
[7111542, 7107928, 5132742, 6546252, 7111712, 5176855, 5012652, 5132936, 6200893, 5467879, 5467882]
[7109968, 7106308, 5050894, 6545626, 7110104, 5154242, 5064835, 5117542, 6195455, 5267881, 5267927]
[7109968, 7106308, 5064535, 6545626, 7110104, 5154242, 5012697, 5117542, 6195455, 5267881, 5267927]
[7112808, 7109296, 5141595, 6546680, 7113035, 5197480, 5142061, 5143022, 6204878, 5632319, 5632325]
[7109520, 7106115, 5046111, 6545551, 7109902, 5151701, 5082077, 5109030, 6194412, 5241977, 5241993]
[7109520, 7106115, 5046111, 6545551, 7109902, 5151701, 5064029, 5109030, 6194412, 5241977, 5241993]
[7109520, 7106115, 5099778, 6545551, 7109902, 5151701, 5082077, 5109030, 6194412, 5241977, 5241993]
[7109968, 7106308, 5047659, 6545626, 7110104, 5154242, 5012697, 5117542, 6195455, 5267881, 5267927]
[7111760, 7108177, 5120418, 6546340, 7111958, 5181604, 5134462, 5134730, 6201476, 5505029, 5505036]
[7111542, 7107928, 5132904, 6546252, 7111712, 5176855, 5128810, 5132936, 6200893, 5467879, 5467882]
[7110443, 7106954, 5119967, 6545861, 7110758, 5163377, 5012771, 5123607, 6197781, 5338502, 5338503]
[7109968, 7106308, 5012697, 6545626, 7110104, 5154242, 5064535, 5117542, 6195455, 5267881, 5267927]
[7111760, 7108177, 5126839, 6546340, 7111958, 5181604, 5129351, 5134730, 6201476, 5505029, 5505036]
[7110794, 7107161, 5046455, 6545929, 7110982, 5165634, 5121762, 5124976, 6198330, 5364290, 5364320]
[7110794, 7107161, 5123115, 6545929, 7110982, 5165634, 5121762, 5124976, 6198330, 5364290, 5364320]
[7109968, 7106308, 5049091, 6545626, 7110104, 5154242, 5012697, 5117542, 6195455, 5267881, 5267927]
[7111760, 7108177, 5133671, 6546340, 7111958, 5181604, 5129351, 5134730, 6201476, 5505029, 5505036]
[7111760, 7108177, 5046108, 6546340, 7111958, 5181604, 5064010, 5134730, 6201476, 5505029, 5505036]
[7109520, 7106115, 5105475, 6545551, 7109902, 5151701, 5065008, 5109030, 6194412, 5241977, 5241993]
[7110443, 7106954, 5041701, 6545861, 7110758, 5163377, 5064446, 5123607, 6197781, 5338502, 5338503]
[7109520, 7106115, 5060230, 6545551, 7109902, 5151701, 5012563, 5109030, 6194412, 5241977, 5241993]
[7111760, 7108177, 5048828, 6546340, 7111958, 5181604, 5064010, 5134730, 6201476, 5505029, 5505036]
[7110443, 7106954, 5123490, 6545861, 7110758, 5163377, 5065106, 5123607, 6197781, 5338502, 5338503]
[7109520, 7106115, 5052876, 6545551, 7109902, 5151701, 5065008, 5109030, 6194412, 5241977, 5241993]
[7112241, 7108663, 5120727, 6546504, 7112426, 5188495, 5138141, 5139447, 6202490, 5564239, 5564272]
[7111046, 7107482, 5064693, 6546008, 7111281, 5170015, 5125594, 5128763, 6199108, 5396027, 5396034]
[7109520, 7106115, 5050885, 6545551, 7109902, 5151701, 5065008, 5109030, 6194412, 5241977, 5241993]
[7110443, 7106954, 5064335, 6545861, 7110758, 5163377, 5065106, 5123607, 6197781, 5338502, 5338503]
[7111542, 7107928, 5060228, 6546252, 7111712, 5176855, 5129354, 5132936, 6200893, 5467879, 5467882]
[7109968, 7106308, 5046170, 6545626, 7110104, 5154242, 5064835, 5117542, 6195455, 5267881, 5267927]
[7111760, 7108177, 5060163, 6546340, 7111958, 5181604, 5128844, 5134730, 6201476, 5505029, 5505036]
[7110443, 7106954, 5064446, 6545861, 7110758, 5163377, 5064335, 5123607, 6197781, 5338502, 5338503]
[7109520, 7106115, 5050885, 6545551, 7109902, 5151701, 5064410, 5109030, 6194412, 5241977, 5241993]
[7111046, 7107482, 5128668, 6546008, 7111281, 5170015, 5125594, 5128763, 6199108, 5396027, 5396034]
[7110443, 7106954, 5048855, 6545861, 7110758, 5163377, 5065106, 5123607, 6197781, 5338502, 5338503]
[7109520, 7106115, 5050885, 6545551, 7109902, 5151701, 5064029, 5109030, 6194412, 5241977, 5241993]
[7112241, 7108663, 5049099, 6546504, 7112426, 5188495, 5138141, 5139447, 6202490, 5564239, 5564272]
[7109968, 7106308, 5064535, 6545626, 7110104, 5154242, 5064251, 5117542, 6195455, 5267881, 5267927]
[7110443, 7106954, 5048048, 6545861, 7110758, 5163377, 5012771, 5123607, 6197781, 5338502, 5338503]
[7110443, 7106954, 5012771, 6545861, 7110758, 5163377, 5064335, 5123607, 6197781, 5338502, 5338503]
[7111542, 7107928, 5046323, 6546252, 7111712, 5176855, 5128810, 5132936, 6200893, 5467879, 5467882]
[7112808, 7109296, 5134523, 6546680, 7113035, 5197480, 5142061, 5143022, 6204878, 5632319, 5632325]
[7110794, 7107161, 5123657, 6545929, 7110982, 5165634, 5121762, 5124976, 6198330, 5364290, 5364320]
[7109520, 7106115, 5105475, 6545551, 7109902, 5151701, 5082077, 5109030, 6194412, 5241977, 5241993]
[7111760, 7108177, 5047560, 6546340, 7111958, 5181604, 5134462, 5134730, 6201476, 5505029, 5505036]
[7110443, 7106954, 5046106, 6545861, 7110758, 5163377, 5064446, 5123607, 6197781, 5338502, 5338503]
[7112241, 7108663, 5136657, 6546504, 7112426, 5188495, 5138141, 5139447, 6202490, 5564239, 5564272]
[7111542, 7107928, 5046323, 6546252, 7111712, 5176855, 5012652, 5132936, 6200893, 5467879, 5467882]
[7110443, 7106954, 5064335, 6545861, 7110758, 5163377, 5121759, 5123607, 6197781, 5338502, 5338503]
[7109520, 7106115, 5046111, 6545551, 7109902, 5151701, 5012563, 5109030, 6194412, 5241977, 5241993]
[7109968, 7106308, 5052997, 6545626, 7110104, 5154242, 5012697, 5117542, 6195455, 5267881, 5267927]
[7109520, 7106115, 5052876, 6545551, 7109902, 5151701, 5082077, 5109030, 6194412, 5241977, 5241993]
[7109968, 7106308, 5099701, 6545626, 7110104, 5154242, 5064535, 5117542, 6195455, 5267881, 5267927]
[7110443, 7106954, 5041701, 6545861, 7110758, 5163377, 5065106, 5123607, 6197781, 5338502, 5338503]
[7109520, 7106115, 5048592, 6545551, 7109902, 5151701, 5012563, 5109030, 6194412, 5241977, 5241993]
[7109520, 7106115, 5060230, 6545551, 7109902, 5151701, 5064410, 5109030, 6194412, 5241977, 5241993]
[7110443, 7106954, 5123176, 6545861, 7110758, 5163377, 5064446, 5123607, 6197781, 5338502, 5338503]
[7111542, 7107928, 5120647, 6546252, 7111712, 5176855, 5064927, 5132936, 6200893, 5467879, 5467882]
[7109968, 7106308, 5052997, 6545626, 7110104, 5154242, 5064251, 5117542, 6195455, 5267881, 5267927]
[7111986, 7108466, 5137514, 6546422, 7112224, 5185675, 5063901, 5137598, 6201990, 5538548, 5538554]
[7111760, 7108177, 5134660, 6546340, 7111958, 5181604, 5064010, 5134730, 6201476, 5505029, 5505036]
[7111760, 7108177, 5126839, 6546340, 7111958, 5181604, 5128844, 5134730, 6201476, 5505029, 5505036]
[7109968, 7106308, 5052997, 6545626, 7110104, 5154242, 5082080, 5117542, 6195455, 5267881, 5267927]
[7112808, 7109296, 5143005, 6546680, 7113035, 5197480, 5142061, 5143022, 6204878, 5632319, 5632325]
[7109968, 7106308, 5105448, 6545626, 7110104, 5154242, 5064251, 5117542, 6195455, 5267881, 5267927]
[7111986, 7108466, 5063901, 6546422, 7112224, 5185675, 5135181, 5137598, 6201990, 5538548, 5538554]
[7111760, 7108177, 5046108, 6546340, 7111958, 5181604, 5134462, 5134730, 6201476, 5505029, 5505036]
[7109520, 7106115, 5041026, 6545551, 7109902, 5151701, 5082077, 5109030, 6194412, 5241977, 5241993]
[7110443, 7106954, 5123490, 6545861, 7110758, 5163377, 5012771, 5123607, 6197781, 5338502, 5338503]
[7110443, 7106954, 5060227, 6545861, 7110758, 5163377, 5012771, 5123607, 6197781, 5338502, 5338503]
[7111046, 7107482, 5049165, 6546008, 7111281, 5170015, 5125594, 5128763, 6199108, 5396027, 5396034]
[7111542, 7107928, 5132589, 6546252, 7111712, 5176855, 5129354, 5132936, 6200893, 5467879, 5467882]
[7110443, 7106954, 5119967, 6545861, 7110758, 5163377, 5064446, 5123607, 6197781, 5338502, 5338503]
[7111986, 7108466, 5137041, 6546422, 7112224, 5185675, 5063901, 5137598, 6201990, 5538548, 5538554]
[7111760, 7108177, 5134601, 6546340, 7111958, 5181604, 5064010, 5134730, 6201476, 5505029, 5505036]
[7109968, 7106308, 5064535, 6545626, 7110104, 5154242, 5064835, 5117542, 6195455, 5267881, 5267927]
[7111542, 7107928, 5132904, 6546252, 7111712, 5176855, 5064927, 5132936, 6200893, 5467879, 5467882]
[7111760, 7108177, 5133671, 6546340, 7111958, 5181604, 5012874, 5134730, 6201476, 5505029, 5505036]
[7109968, 7106308, 5012697, 6545626, 7110104, 5154242, 5064835, 5117542, 6195455, 5267881, 5267927]
[7110443, 7106954, 5060227, 6545861, 7110758, 5163377, 5065106, 5123607, 6197781, 5338502, 5338503]
[7109968, 7106308, 5110880, 6545626, 7110104, 5154242, 5064535, 5117542, 6195455, 5267881, 5267927]
[7111986, 7108466, 5060255, 6546422, 7112224, 5185675, 5063901, 5137598, 6201990, 5538548, 5538554]
[7109968, 7106308, 5047659, 6545626, 7110104, 5154242, 5064835, 5117542, 6195455, 5267881, 5267927]
[7110443, 7106954, 5065106, 6545861, 7110758, 5163377, 5121759, 5123607, 6197781, 5338502, 5338503]
[7111542, 7107928, 5126490, 6546252, 7111712, 5176855, 5064927, 5132936, 6200893, 5467879, 5467882]
[7111760, 7108177, 5120418, 6546340, 7111958, 5181604, 5128844, 5134730, 6201476, 5505029, 5505036]
[7111542, 7107928, 5120647, 6546252, 7111712, 5176855, 5128810, 5132936, 6200893, 5467879, 5467882]
[7110443, 7106954, 5121904, 6545861, 7110758, 5163377, 5065106, 5123607, 6197781, 5338502, 5338503]
[7111760, 7108177, 5132722, 6546340, 7111958, 5181604, 5129351, 5134730, 6201476, 5505029, 5505036]
[7109968, 7106308, 5041014, 6545626, 7110104, 5154242, 5012697, 5117542, 6195455, 5267881, 5267927]
[7111760, 7108177, 5126839, 6546340, 7111958, 5181604, 5012874, 5134730, 6201476, 5505029, 5505036]
[7109968, 7106308, 5099701, 6545626, 7110104, 5154242, 5012697, 5117542, 6195455, 5267881, 5267927]
[7110443, 7106954, 5060227, 6545861, 7110758, 5163377, 5121759, 5123607, 6197781, 5338502, 5338503]
[7111542, 7107928, 5048037, 6546252, 7111712, 5176855, 5128810, 5132936, 6200893, 5467879, 5467882]
[7111760, 7108177, 5047560, 6546340, 7111958, 5181604, 5012874, 5134730, 6201476, 5505029, 5505036]
[7109968, 7106308, 5047659, 6545626, 7110104, 5154242, 5064535, 5117542, 6195455, 5267881, 5267927]
[7109968, 7106308, 5064251, 6545626, 7110104, 5154242, 5082080, 5117542, 6195455, 5267881, 5267927]
[7109520, 7106115, 5094851, 6545551, 7109902, 5151701, 5065008, 5109030, 6194412, 5241977, 5241993]
[7109968, 7106308, 5050894, 6545626, 7110104, 5154242, 5064251, 5117542, 6195455, 5267881, 5267927]
[7111760, 7108177, 5134601, 6546340, 7111958, 5181604, 5128844, 5134730, 6201476, 5505029, 5505036]
[7109968, 7106308, 5042963, 6545626, 7110104, 5154242, 5082080, 5117542, 6195455, 5267881, 5267927]
[7109968, 7106308, 5049091, 6545626, 7110104, 5154242, 5082080, 5117542, 6195455, 5267881, 5267927]
[7111542, 7107928, 5132589, 6546252, 7111712, 5176855, 5064927, 5132936, 6200893, 5467879, 5467882]
[7111542, 7107928, 5131982, 6546252, 7111712, 5176855, 5128810, 5132936, 6200893, 5467879, 5467882]
[7111542, 7107928, 5131982, 6546252, 7111712, 5176855, 5064927, 5132936, 6200893, 5467879, 5467882]
[7109520, 7106115, 5050885, 6545551, 7109902, 5151701, 5082077, 5109030, 6194412, 5241977, 5241993]
[7111542, 7107928, 5132904, 6546252, 7111712, 5176855, 5063697, 5132936, 6200893, 5467879, 5467882]
[7111986, 7108466, 5048755, 6546422, 7112224, 5185675, 5135181, 5137598, 6201990, 5538548, 5538554]
[7109968, 7106308, 5110880, 6545626, 7110104, 5154242, 5064835, 5117542, 6195455, 5267881, 5267927]
[7111542, 7107928, 5048037, 6546252, 7111712, 5176855, 5129354, 5132936, 6200893, 5467879, 5467882]
[7112241, 7108663, 5060152, 6546504, 7112426, 5188495, 5138141, 5139447, 6202490, 5564239, 5564272]
[7111760, 7108177, 5120418, 6546340, 7111958, 5181604, 5129351, 5134730, 6201476, 5505029, 5505036]
[7109520, 7106115, 5052876, 6545551, 7109902, 5151701, 5064410, 5109030, 6194412, 5241977, 5241993]
[7112241, 7108663, 5139384, 6546504, 7112426, 5188495, 5138141, 5139447, 6202490, 5564239, 5564272]
[7111542, 7107928, 5132742, 6546252, 7111712, 5176855, 5064927, 5132936, 6200893, 5467879, 5467882]
[7109968, 7106308, 5049091, 6545626, 7110104, 5154242, 5064251, 5117542, 6195455, 5267881, 5267927]
[7111760, 7108177, 5047560, 6546340, 7111958, 5181604, 5064010, 5134730, 6201476, 5505029, 5505036]
[7109520, 7106115, 5041026, 6545551, 7109902, 5151701, 5012563, 5109030, 6194412, 5241977, 5241993]
[7109520, 7106115, 5048592, 6545551, 7109902, 5151701, 5065008, 5109030, 6194412, 5241977, 5241993]
[7111760, 7108177, 5060163, 6546340, 7111958, 5181604, 5012874, 5134730, 6201476, 5505029, 5505036]
[7111046, 7107482, 5063789, 6546008, 7111281, 5170015, 5125594, 5128763, 6199108, 5396027, 5396034]
[7111986, 7108466, 5120818, 6546422, 7112224, 5185675, 5135181, 5137598, 6201990, 5538548, 5538554]
[7110443, 7106954, 5121210, 6545861, 7110758, 5163377, 5012771, 5123607, 6197781, 5338502, 5338503]
[7111046, 7107482, 5126241, 6546008, 7111281, 5170015, 5125594, 5128763, 6199108, 5396027, 5396034]
[7111760, 7108177, 5046108, 6546340, 7111958, 5181604, 5129351, 5134730, 6201476, 5505029, 5505036]
[7109968, 7106308, 5041014, 6545626, 7110104, 5154242, 5064251, 5117542, 6195455, 5267881, 5267927]
[7109968, 7106308, 5064835, 6545626, 7110104, 5154242, 5082080, 5117542, 6195455, 5267881, 5267927]
[7109520, 7106115, 5060230, 6545551, 7109902, 5151701, 5065008, 5109030, 6194412, 5241977, 5241993]
[7110443, 7106954, 5064446, 6545861, 7110758, 5163377, 5012771, 5123607, 6197781, 5338502, 5338503]
[7111760, 7108177, 5132722, 6546340, 7111958, 5181604, 5128844, 5134730, 6201476, 5505029, 5505036]
[7111542, 7107928, 5060228, 6546252, 7111712, 5176855, 5063697, 5132936, 6200893, 5467879, 5467882]
[7111542, 7107928, 5126490, 6546252, 7111712, 5176855, 5129354, 5132936, 6200893, 5467879, 5467882]
[7111986, 7108466, 5048755, 6546422, 7112224, 5185675, 5063901, 5137598, 6201990, 5538548, 5538554]
[7109520, 7106115, 5094851, 6545551, 7109902, 5151701, 5064029, 5109030, 6194412, 5241977, 5241993]
[7109520, 7106115, 5048592, 6545551, 7109902, 5151701, 5064029, 5109030, 6194412, 5241977, 5241993]
[7109520, 7106115, 5105475, 6545551, 7109902, 5151701, 5064410, 5109030, 6194412, 5241977, 5241993]
[7111542, 7107928, 5126490, 6546252, 7111712, 5176855, 5128810, 5132936, 6200893, 5467879, 5467882]
[7109968, 7106308, 5064251, 6545626, 7110104, 5154242, 5012697, 5117542, 6195455, 5267881, 5267927]
[7111542, 7107928, 5132904, 6546252, 7111712, 5176855, 5012652, 5132936, 6200893, 5467879, 5467882]
[7111542, 7107928, 5132589, 6546252, 7111712, 5176855, 5063697, 5132936, 6200893, 5467879, 5467882]
[7109968, 7106308, 5064251, 6545626, 7110104, 5154242, 5064835, 5117542, 6195455, 5267881, 5267927]
[7111760, 7108177, 5131658, 6546340, 7111958, 5181604, 5064010, 5134730, 6201476, 5505029, 5505036]
[7111986, 7108466, 5136292, 6546422, 7112224, 5185675, 5135181, 5137598, 6201990, 5538548, 5538554]
[7112241, 7108663, 5135536, 6546504, 7112426, 5188495, 5138141, 5139447, 6202490, 5564239, 5564272]
[7109968, 7106308, 5041014, 6545626, 7110104, 5154242, 5064835, 5117542, 6195455, 5267881, 5267927]
[7111760, 7108177, 5126839, 6546340, 7111958, 5181604, 5064010, 5134730, 6201476, 5505029, 5505036]
[7111760, 7108177, 5047560, 6546340, 7111958, 5181604, 5128844, 5134730, 6201476, 5505029, 5505036]
[7110443, 7106954, 5064446, 6545861, 7110758, 5163377, 5121759, 5123607, 6197781, 5338502, 5338503]
[7109520, 7106115, 5060230, 6545551, 7109902, 5151701, 5064029, 5109030, 6194412, 5241977, 5241993]
[7110443, 7106954, 5012771, 6545861, 7110758, 5163377, 5121759, 5123607, 6197781, 5338502, 5338503]
[7109968, 7106308, 5064835, 6545626, 7110104, 5154242, 5012697, 5117542, 6195455, 5267881, 5267927]
[7112241, 7108663, 5134446, 6546504, 7112426, 5188495, 5138141, 5139447, 6202490, 5564239, 5564272]
[7110443, 7106954, 5012771, 6545861, 7110758, 5163377, 5065106, 5123607, 6197781, 5338502, 5338503]
[7109968, 7106308, 5047659, 6545626, 7110104, 5154242, 5082080, 5117542, 6195455, 5267881, 5267927]
[7111986, 7108466, 5046273, 6546422, 7112224, 5185675, 5135181, 5137598, 6201990, 5538548, 5538554]
[7110794, 7107161, 5060172, 6545929, 7110982, 5165634, 5121762, 5124976, 6198330, 5364290, 5364320]
[7111986, 7108466, 5137041, 6546422, 7112224, 5185675, 5135181, 5137598, 6201990, 5538548, 5538554]
[7111542, 7107928, 5048037, 6546252, 7111712, 5176855, 5063697, 5132936, 6200893, 5467879, 5467882]
[7109968, 7106308, 5064251, 6545626, 7110104, 5154242, 5064535, 5117542, 6195455, 5267881, 5267927]
[7112241, 7108663, 5048348, 6546504, 7112426, 5188495, 5138141, 5139447, 6202490, 5564239, 5564272]
[7110443, 7106954, 5120548, 6545861, 7110758, 5163377, 5012771, 5123607, 6197781, 5338502, 5338503]
[7110443, 7106954, 5121904, 6545861, 7110758, 5163377, 5121759, 5123607, 6197781, 5338502, 5338503]
[7109520, 7106115, 5060230, 6545551, 7109902, 5151701, 5082077, 5109030, 6194412, 5241977, 5241993]
[7109968, 7106308, 5049091, 6545626, 7110104, 5154242, 5064835, 5117542, 6195455, 5267881, 5267927]
[7111046, 7107482, 5060219, 6546008, 7111281, 5170015, 5125594, 5128763, 6199108, 5396027, 5396034]
[7109520, 7106115, 5041026, 6545551, 7109902, 5151701, 5064029, 5109030, 6194412, 5241977, 5241993]
[7109520, 7106115, 5042634, 6545551, 7109902, 5151701, 5012563, 5109030, 6194412, 5241977, 5241993]
[7111760, 7108177, 5134601, 6546340, 7111958, 5181604, 5134462, 5134730, 6201476, 5505029, 5505036]
[7112808, 7109296, 5142838, 6546680, 7113035, 5197480, 5142061, 5143022, 6204878, 5632319, 5632325]
[7111760, 7108177, 5131658, 6546340, 7111958, 5181604, 5129351, 5134730, 6201476, 5505029, 5505036]
[7112241, 7108663, 5012964, 6546504, 7112426, 5188495, 5138141, 5139447, 6202490, 5564239, 5564272]
[7111986, 7108466, 5046273, 6546422, 7112224, 5185675, 5063901, 5137598, 6201990, 5538548, 5538554]
[7110443, 7106954, 5046106, 6545861, 7110758, 5163377, 5121759, 5123607, 6197781, 5338502, 5338503]
[7109520, 7106115, 5099778, 6545551, 7109902, 5151701, 5012563, 5109030, 6194412, 5241977, 5241993]
[7109520, 7106115, 5048879, 6545551, 7109902, 5151701, 5012563, 5109030, 6194412, 5241977, 5241993]
[7109520, 7106115, 5042634, 6545551, 7109902, 5151701, 5064029, 5109030, 6194412, 5241977, 5241993]
[7111986, 7108466, 5136483, 6546422, 7112224, 5185675, 5135181, 5137598, 6201990, 5538548, 5538554]
[7111986, 7108466, 5135697, 6546422, 7112224, 5185675, 5063901, 5137598, 6201990, 5538548, 5538554]
[7111760, 7108177, 5060163, 6546340, 7111958, 5181604, 5129351, 5134730, 6201476, 5505029, 5505036]
[7111542, 7107928, 5046323, 6546252, 7111712, 5176855, 5063697, 5132936, 6200893, 5467879, 5467882]
[7111760, 7108177, 5126839, 6546340, 7111958, 5181604, 5134462, 5134730, 6201476, 5505029, 5505036]
[7112241, 7108663, 5139061, 6546504, 7112426, 5188495, 5138141, 5139447, 6202490, 5564239, 5564272]
[7109968, 7106308, 5050894, 6545626, 7110104, 5154242, 5064535, 5117542, 6195455, 5267881, 5267927]
[7109520, 7106115, 5048592, 6545551, 7109902, 5151701, 5064410, 5109030, 6194412, 5241977, 5241993]
[7111542, 7107928, 5060228, 6546252, 7111712, 5176855, 5012652, 5132936, 6200893, 5467879, 5467882]
[7111986, 7108466, 5136292, 6546422, 7112224, 5185675, 5063901, 5137598, 6201990, 5538548, 5538554]
[7110443, 7106954, 5123176, 6545861, 7110758, 5163377, 5012771, 5123607, 6197781, 5338502, 5338503]
[7110443, 7106954, 5121210, 6545861, 7110758, 5163377, 5064335, 5123607, 6197781, 5338502, 5338503]
[7112808, 7109296, 5120720, 6546680, 7113035, 5197480, 5142061, 5143022, 6204878, 5632319, 5632325]
[7109968, 7106308, 5042963, 6545626, 7110104, 5154242, 5064835, 5117542, 6195455, 5267881, 5267927]
[7110794, 7107161, 5048937, 6545929, 7110982, 5165634, 5121762, 5124976, 6198330, 5364290, 5364320]
[7111046, 7107482, 5065130, 6546008, 7111281, 5170015, 5125594, 5128763, 6199108, 5396027, 5396034]
[7110443, 7106954, 5123176, 6545861, 7110758, 5163377, 5121759, 5123607, 6197781, 5338502, 5338503]
[7111760, 7108177, 5048828, 6546340, 7111958, 5181604, 5012874, 5134730, 6201476, 5505029, 5505036]
[7109520, 7106115, 5094851, 6545551, 7109902, 5151701, 5082077, 5109030, 6194412, 5241977, 5241993]
[7110443, 7106954, 5123490, 6545861, 7110758, 5163377, 5064446, 5123607, 6197781, 5338502, 5338503]
[7111046, 7107482, 5048615, 6546008, 7111281, 5170015, 5125594, 5128763, 6199108, 5396027, 5396034]
[7111760, 7108177, 5048828, 6546340, 7111958, 5181604, 5129351, 5134730, 6201476, 5505029, 5505036]
[7110443, 7106954, 5048855, 6545861, 7110758, 5163377, 5012771, 5123607, 6197781, 5338502, 5338503]
[7111986, 7108466, 5060255, 6546422, 7112224, 5185675, 5135181, 5137598, 6201990, 5538548, 5538554]
[7109968, 7106308, 5012697, 6545626, 7110104, 5154242, 5064251, 5117542, 6195455, 5267881, 5267927]
[7109520, 7106115, 5048879, 6545551, 7109902, 5151701, 5064410, 5109030, 6194412, 5241977, 5241993]
[7110443, 7106954, 5012771, 6545861, 7110758, 5163377, 5064446, 5123607, 6197781, 5338502, 5338503]
[7111542, 7107928, 5048037, 6546252, 7111712, 5176855, 5012652, 5132936, 6200893, 5467879, 5467882]
[7111986, 7108466, 5135697, 6546422, 7112224, 5185675, 5135181, 5137598, 6201990, 5538548, 5538554]
[7111760, 7108177, 5048828, 6546340, 7111958, 5181604, 5134462, 5134730, 6201476, 5505029, 5505036]
[7111542, 7107928, 5132589, 6546252, 7111712, 5176855, 5128810, 5132936, 6200893, 5467879, 5467882]
[7111542, 7107928, 5060228, 6546252, 7111712, 5176855, 5128810, 5132936, 6200893, 5467879, 5467882]
[7109520, 7106115, 5050885, 6545551, 7109902, 5151701, 5012563, 5109030, 6194412, 5241977, 5241993]
[7110443, 7106954, 5048855, 6545861, 7110758, 5163377, 5064335, 5123607, 6197781, 5338502, 5338503]
[7111542, 7107928, 5049375, 6546252, 7111712, 5176855, 5064927, 5132936, 6200893, 5467879, 5467882]
[7111760, 7108177, 5047560, 6546340, 7111958, 5181604, 5129351, 5134730, 6201476, 5505029, 5505036]
[7112808, 7109296, 5136997, 6546680, 7113035, 5197480, 5142061, 5143022, 6204878, 5632319, 5632325]
[7111542, 7107928, 5131982, 6546252, 7111712, 5176855, 5063697, 5132936, 6200893, 5467879, 5467882]
[7109520, 7106115, 5042634, 6545551, 7109902, 5151701, 5065008, 5109030, 6194412, 5241977, 5241993]
[7109520, 7106115, 5105475, 6545551, 7109902, 5151701, 5012563, 5109030, 6194412, 5241977, 5241993]
[7110443, 7106954, 5123490, 6545861, 7110758, 5163377, 5064335, 5123607, 6197781, 5338502, 5338503]
[7110443, 7106954, 5121904, 6545861, 7110758, 5163377, 5064446, 5123607, 6197781, 5338502, 5338503]
[7111986, 7108466, 5120818, 6546422, 7112224, 5185675, 5063901, 5137598, 6201990, 5538548, 5538554]
[7112808, 7109296, 5048523, 6546680, 7113035, 5197480, 5142061, 5143022, 6204878, 5632319, 5632325]
[7112241, 7108663, 5063880, 6546504, 7112426, 5188495, 5138141, 5139447, 6202490, 5564239, 5564272]
[7112241, 7108663, 5137201, 6546504, 7112426, 5188495, 5138141, 5139447, 6202490, 5564239, 5564272]
[7111542, 7107928, 5132742, 6546252, 7111712, 5176855, 5128810, 5132936, 6200893, 5467879, 5467882]
[7109968, 7106308, 5041014, 6545626, 7110104, 5154242, 5082080, 5117542, 6195455, 5267881, 5267927]
[7111760, 7108177, 5048828, 6546340, 7111958, 5181604, 5128844, 5134730, 6201476, 5505029, 5505036]
[7109520, 7106115, 5052876, 6545551, 7109902, 5151701, 5012563, 5109030, 6194412, 5241977, 5241993]
[7110443, 7106954, 5123176, 6545861, 7110758, 5163377, 5065106, 5123607, 6197781, 5338502, 5338503]
[7109968, 7106308, 5046170, 6545626, 7110104, 5154242, 5064535, 5117542, 6195455, 5267881, 5267927]
[7111760, 7108177, 5060163, 6546340, 7111958, 5181604, 5134462, 5134730, 6201476, 5505029, 5505036]
[7109968, 7106308, 5110880, 6545626, 7110104, 5154242, 5082080, 5117542, 6195455, 5267881, 5267927]
[7110794, 7107161, 5048350, 6545929, 7110982, 5165634, 5121762, 5124976, 6198330, 5364290, 5364320]
[7110443, 7106954, 5120548, 6545861, 7110758, 5163377, 5121759, 5123607, 6197781, 5338502, 5338503]
[7109520, 7106115, 5041026, 6545551, 7109902, 5151701, 5065008, 5109030, 6194412, 5241977, 5241993]
[7111046, 7107482, 5128547, 6546008, 7111281, 5170015, 5125594, 5128763, 6199108, 5396027, 5396034]
[7111542, 7107928, 5126490, 6546252, 7111712, 5176855, 5063697, 5132936, 6200893, 5467879, 5467882]
[7111760, 7108177, 5132722, 6546340, 7111958, 5181604, 5012874, 5134730, 6201476, 5505029, 5505036]
[7111760, 7108177, 5134660, 6546340, 7111958, 5181604, 5012874, 5134730, 6201476, 5505029, 5505036]
[7109968, 7106308, 5050894, 6545626, 7110104, 5154242, 5012697, 5117542, 6195455, 5267881, 5267927]
[7112808, 7109296, 5060160, 6546680, 7113035, 5197480, 5142061, 5143022, 6204878, 5632319, 5632325]
[7111760, 7108177, 5134660, 6546340, 7111958, 5181604, 5128844, 5134730, 6201476, 5505029, 5505036]
[7111542, 7107928, 5131982, 6546252, 7111712, 5176855, 5129354, 5132936, 6200893, 5467879, 5467882]
[7111542, 7107928, 5132842, 6546252, 7111712, 5176855, 5128810, 5132936, 6200893, 5467879, 5467882]
[7109520, 7106115, 5048879, 6545551, 7109902, 5151701, 5065008, 5109030, 6194412, 5241977, 5241993]
[7109968, 7106308, 5060162, 6545626, 7110104, 5154242, 5012697, 5117542, 6195455, 5267881, 5267927]
