exe,WinSize,AVGtime,Throughput,AVGspace,AVGnoms,SUMtime,Thread,Qsize,Qno,timingratio,eNum
./bin/tirdf,1000000,0.001982,504506,2939.622852,0.000000,11121.808000,1,23	32764	3.45846e-323,6611027,16494303191184,0,16494303191184
./bin/tirdf,1000000,0.000895,1117412,1668.715290,0.000000,5564.269000,1,23	32766	4.88307e-310,7217584,10375377488336,0,10375377488336
./bin/tirdf,1000000,0.004324,231261,4660.214317,0.000000,29687.407000,1,23	25030	4.58493e-321,7865566,31995008964208,0,31995008964208
./bin/tirdf,1000000,0.002506,398990,3107.022910,0.000000,25304.460000,1,23	32765	5.12857e-310,11096236,31369236552400,0,31369236552400
./bin/tirdf,1000000,0.002291,436455,2939.622852,0.000000,12855.890000,1,23	25681	4.58493e-321,6611027,16494303191184,0,16494303191184
./bin/tirdf,1000000,0.000903,1107978,1668.715290,0.000000,5611.647000,1,23	32765	3.45846e-323,7217584,10375377488336,0,10375377488336
./bin/tirdf,1000000,0.004201,238014,4660.214317,0.000000,28845.160000,1,23	24309	4.58493e-321,7865566,31995008964208,0,31995008964208
./bin/tirdf,1000000,0.002435,410642,3107.022910,0.000000,24586.438000,1,23	25621	4.58493e-321,11096236,31369236552400,0,31369236552400
./bin/tirdf,1000000,0.001910,523471,2939.622852,0.000000,10718.880000,1,23	30315	0,6611027,16494303191184,0,16494303191184
./bin/tirdf,1000000,0.002473,404418,2939.622852,0.000000,13874.300000,1,23	25198	4.58493e-321,6611027,16494303191184,0,16494303191184
./bin/tirdf,1000000,0.001159,863028,1668.715290,0.000000,7204.380000,1,23	24011	4.58493e-321,7217584,10375377488336,0,10375377488336
./bin/tirdf,1000000,0.005655,176840,4660.214317,0.000000,38823.423000,1,23	32766	3.45846e-323,7865566,31995008964208,0,31995008964208
./bin/tirdf,1000000,0.002710,369002,3107.022910,0.000000,27360.891000,1,23	32767	5.21151e-310,11096236,31369236552400,0,31369236552400
