exe,WinSize,AVGtime,Throughput,AVGspace,AVGnoms,SUMtime,Thread,Qsize,Qno,timingratio,eNum
./bin/tirdf,1000000,0.000078,12805096,0.000000,0.000000,438.187000,1,20	32764	3.45846e-323,6611027,0,0,0
./bin/tirdf,1000000,0.000077,12946961,0.000340,0.000000,480.235000,1,20	32764	3.45846e-323,7217584,2114512,0,2114512
./bin/tirdf,1000000,0.000078,12816639,0.000001,0.000000,535.676000,1,20	32765	5.25629e-310,7865566,9576,0,9576
./bin/tirdf,1000000,0.000081,12347462,0.000009,0.000000,817.677000,1,20	32764	3.45846e-323,11096236,86184,0,86184
./bin/tirdf,1000000,0.000078,12780043,0.000000,0.000000,439.046000,1,20	32766	4.89977e-310,6611027,0,0,0
./bin/tirdf,1000000,0.000078,12860357,0.000340,0.000000,483.469000,1,20	32765	4.65749e-310,7217584,2114512,0,2114512
./bin/tirdf,1000000,0.000079,12734008,0.000001,0.000000,539.152000,1,20	31859	0,7865566,9576,0,9576
./bin/tirdf,1000000,0.000078,12854765,0.000009,0.000000,785.408000,1,20	32766	4.86045e-310,11096236,86184,0,86184
./bin/tirdf,1000000,0.000073,13704986,0.000000,0.000000,409.415000,1,20	30725	0,6611027,0,0,0
./bin/tirdf,1000000,0.000072,13899828,0.000000,0.000000,403.676000,1,20	30028	0,6611027,0,0,0
./bin/tirdf,1000000,0.000070,14264865,0.000340,0.000000,435.867000,1,20	23834	4.58493e-321,7217584,2114512,0,2114512
./bin/tirdf,1000000,0.000072,13883040,0.000001,0.000000,494.529000,1,20	32766	3.45846e-323,7865566,9576,0,9576
./bin/tirdf,1000000,0.000072,13924978,0.000009,0.000000,725.045000,1,20	29343	0,11096236,86184,0,86184
./bin/tirdf,10000,0.000003,394503776,0.000397,0.000000,18.270000,1,20	32766	3.45846e-323,7217584,2860928,0,2860928
./bin/tirdf,1000000,0.000003,390135157,0.001494,0.000000,15.937000,1,20	32657	0,7217584,9287264,0,9287264
./bin/tirdf,1000000,0.000004,278275882,0.000000,0.000000,20.574000,1,20	28833	0,6725248,0,0,0
./bin/tirdf,1000000,0.000003,294379243,0.001494,0.000000,21.121000,1,20	32766	3.45846e-323,7217584,9287264,0,9287264
./bin/tirdf,1000000,0.000003,290913813,0.000001,0.000000,23.600000,1,20	29894	0,7865566,9888,0,9888
./bin/tirdf,1000000,0.000004,279689692,0.000000,0.000000,20.470000,1,20	29007	0,6725248,0,0,0
./bin/tirdf,1000000,0.000003,292550886,0.001494,0.000000,21.253000,1,20	32766	3.45846e-323,7217584,9287264,0,9287264
./bin/tirdf,1000000,0.000003,291012461,0.000001,0.000000,23.592000,1,20	32764	3.45846e-323,7865566,9888,0,9888
./bin/tirdf,1000000,0.000003,293239529,0.000009,0.000000,34.430000,1,20	28777	0,11096237,88992,0,88992
./bin/tirdf,1000000,0.000003,285790845,0.000000,0.000000,20.033000,1,20	32765	3.45846e-323,6725248,0,0,0
./bin/tirdf,1000000,0.000003,298019652,0.001494,0.000000,20.863000,1,20	32767	3.45846e-323,7217584,9287264,0,9287264
./bin/tirdf,1000000,0.000003,294267969,0.000001,0.000000,23.331000,1,20	29225	0,7865566,9888,0,9888
./bin/tirdf,1000000,0.000004,281279238,0.000009,0.000000,35.894000,1,20	32765	3.45846e-323,11096237,88992,0,88992
./bin/tirdf,1000000,0.000003,296860313,0.000000,0.000000,19.286000,1,20	32764	4.88542e-310,6725248,0,0,0
./bin/tirdf,1000000,0.000003,293642391,0.001494,0.000000,21.174000,1,20	31436	0,7217584,9287264,0,9287264
./bin/tirdf,1000000,0.000003,292226355,0.000001,0.000000,23.494000,1,20	32764	3.45846e-323,7865566,9888,0,9888
./bin/tirdf,1000000,0.000003,297359202,0.000009,0.000000,33.953000,1,20	32353	0,11096237,88992,0,88992
