exe,WinSize,AVGtime,Throughput,AVGspace,AVGnoms,SUMtime,Thread,Qsize,Qno,timingratio,eNum
./bin/tirdf,1000000,0.000121,8239405,3.614263,0.000000,680.999000,1,30	25154	4.58493e-321,6611027,20279724968,0,20279724968
./bin/tirdf,1000000,0.000116,8592332,2.781471,0.000000,723.620000,1,30	32764	3.45846e-323,7217584,17294030592,0,17294030592
./bin/tirdf,1000000,0.000124,8042402,4.931046,0.000000,853.671000,1,30	25383	4.58493e-321,7865566,33854420984,0,33854420984
./bin/tirdf,1000000,0.000126,7920722,4.122813,0.000000,1274.661000,1,30	24929	4.58493e-321,11096236,41624896728,0,41624896728
./bin/tirdf,1000000,0.000122,8170121,3.614263,0.000000,686.774000,1,30	32764	3.45846e-323,6611027,20279724968,0,20279724968
./bin/tirdf,1000000,0.000117,8549997,2.781471,0.000000,727.203000,1,30	22521	4.58493e-321,7217584,17294030592,0,17294030592
./bin/tirdf,1000000,0.000126,7941201,4.931046,0.000000,864.550000,1,30	23980	4.58493e-321,7865566,33854420984,0,33854420984
./bin/tirdf,1000000,0.000126,7911772,4.122813,0.000000,1276.103000,1,30	32081	0,11096236,41624896728,0,41624896728
./bin/tirdf,1000000,0.000113,8876662,3.614263,0.000000,632.110000,1,30	23522	4.58493e-321,6611027,20279724968,0,20279724968
./bin/tirdf,1000000,0.000108,9262253,2.781471,0.000000,671.282000,1,30	23527	4.58493e-321,7217584,17294030592,0,17294030592
./bin/tirdf,1000000,0.000116,8645676,4.931046,0.000000,794.104000,1,30	25890	4.58493e-321,7865566,33854420984,0,33854420984
./bin/tirdf,1000000,0.000116,8589595,4.122813,0.000000,1175.403000,1,30	32766	4.77703e-310,11096236,41624896728,0,41624896728
