exe,WinSize,AVGtime,Throughput,AVGspace,AVGnoms,SUMtime,Thread,Qsize,Qno,timingratio,eNum
./bin/tirdf,1000000,0.000056,17874636,3.551999,0.000000,313.910000,1,15	32748	0,6611027,19930365000,0,19930365000
./bin/tirdf,1000000,0.000057,17441949,12.203361,0.000000,356.473000,1,15	32766	3.45846e-323,7217584,75875420912,0,75875420912
./bin/tirdf,1000000,0.000067,14984004,51.599126,0.000000,458.193000,1,15	32764	4.75705e-310,7865566,354257203456,0,354257203456
./bin/tirdf,1000000,0.000065,15448559,45.101561,0.000000,653.539000,1,15	24344	4.58493e-321,11096236,455356005136,0,455356005136
./bin/tirdf,1000000,0.000055,18094541,3.551999,0.000000,310.095000,1,15	31790	0,6611027,19930365000,0,19930365000
./bin/tirdf,1000000,0.000057,17561564,12.203361,0.000000,354.045000,1,15	32767	3.45846e-323,7217584,75875420912,0,75875420912
./bin/tirdf,1000000,0.000067,15016679,51.599126,0.000000,457.196000,1,15	25402	4.58493e-321,7865566,354257203456,0,354257203456
./bin/tirdf,1000000,0.000065,15348115,45.101561,0.000000,657.816000,1,15	32765	5.42983e-310,11096236,455356005136,0,455356005136
./bin/tirdf,1000000,0.000051,19536798,3.551999,0.000000,287.203000,1,15	32767	3.45846e-323,6611027,19930365000,0,19930365000
./bin/tirdf,1000000,0.000054,18655568,12.203361,0.000000,333.283000,1,15	32767	3.45846e-323,7217584,75875420912,0,75875420912
./bin/tirdf,1000000,0.000062,16106181,51.599126,0.000000,426.269000,1,15	21913	4.58493e-321,7865566,354257203456,0,354257203456
./bin/tirdf,1000000,0.000060,16530556,45.101561,0.000000,610.762000,1,15	23222	4.58493e-321,11096236,455356005136,0,455356005136
