exe,WinSize,AVGtime,Throughput,AVGspace,AVGnoms,SUMtime,Thread,Qsize,Qno,timingratio,eNum
./bin/tirdf,1000000,0.000092,10909687,2.776179,0.000000,514.316000,1,22	32765	4.99363e-310,6611027,15577214624,0,15577214624
./bin/tirdf,1000000,0.000090,11142623,2.390734,0.000000,558.000000,1,22	32767	5.10481e-310,7217584,14864590664,0,14864590664
./bin/tirdf,1000000,0.000092,10855422,3.488118,0.000000,632.455000,1,22	29244	0,7865566,23947904000,0,23947904000
./bin/tirdf,1000000,0.000096,10364000,44.575097,0.000000,974.164000,1,22	28880	0,11096236,450040699592,0,450040699592
./bin/tirdf,1000000,0.000092,10870712,2.776179,0.000000,516.160000,1,22	23242	4.58493e-321,6611027,15577214624,0,15577214624
./bin/tirdf,1000000,0.000090,11157039,2.390734,0.000000,557.279000,1,22	23978	4.58493e-321,7217584,14864590664,0,14864590664
./bin/tirdf,1000000,0.000092,10868998,3.488118,0.000000,631.665000,1,22	32765	3.45846e-323,7865566,23947904000,0,23947904000
./bin/tirdf,1000000,0.000097,10341855,44.575097,0.000000,976.250000,1,22	31087	0,11096236,450040699592,0,450040699592
./bin/tirdf,1000000,0.000085,11698023,2.776179,0.000000,479.656000,1,22	21943	4.58493e-321,6611027,15577214624,0,15577214624
./bin/tirdf,1000000,0.000084,11879583,2.390734,0.000000,523.384000,1,22	32766	3.45846e-323,7217584,14864590664,0,14864590664
./bin/tirdf,1000000,0.000085,11728311,3.488118,0.000000,585.384000,1,22	30316	0,7865566,23947904000,0,23947904000
./bin/tirdf,1000000,0.000090,11103953,44.575097,0.000000,909.247000,1,22	31101	0,11096236,450040699592,0,450040699592
