exe,WinSize,AVGtime,Throughput,AVGspace,AVGnoms,SUMtime,Thread,Qsize,Qno,timingratio,eNum
./bin/tirdf,1800000,0.000028,35640004,2.944694,0.000000,8.939000,1,11	32766	4.64337e-310,2118586,938138208,0,938138208
./bin/tirdf,1800000,0.000028,35668960,2.356542,0.000000,30.806000,1,11	32764	3.45846e-323,2898818,2589411168,0,2589411168
./bin/tirdf,1800000,-0.000000,-9223372036854775808,-0.076731,-0.000000,0.000000,1,11	29657	0,777993,78419880,0,78419880
./bin/tirdf,1800000,0.000028,36006555,2.944694,0.000000,8.848000,1,11	31387	0,2118586,938138208,0,938138208
./bin/tirdf,1800000,0.000028,35494976,2.356542,0.000000,30.957000,1,11	23923	4.58493e-321,2898818,2589411168,0,2589411168
./bin/tirdf,1800000,-0.000000,-9223372036854775808,-0.076731,-0.000000,0.000000,1,11	24175	4.58493e-321,777993,78419880,0,78419880
./bin/tirdf,1800000,0.000027,37414679,2.944694,0.000000,8.515000,1,11	32765	4.87798e-310,2118586,938138208,0,938138208
./bin/tirdf,1800000,0.000030,33575274,2.356542,0.000000,32.727000,1,11	32764	4.77895e-310,2898818,2589411168,0,2589411168
./bin/tirdf,1800000,-0.000000,-9223372036854775808,-0.076731,-0.000000,0.000000,1,11	32766	3.45846e-323,777993,78419880,0,78419880
./bin/tirdf,1800000,0.000026,38700923,2.944694,0.000000,8.232000,1,11	28837	0,2118586,938138208,0,938138208
./bin/tirdf,1800000,0.000026,39055198,2.356542,0.000000,28.135000,1,11	32765	4.72495e-310,2898818,2589411168,0,2589411168
./bin/tirdf,1800000,-0.000000,-9223372036854775808,-0.076731,-0.000000,0.000000,1,11	22145	4.58493e-321,777993,78419880,0,78419880
