exe,WinSize,AVGtime,Throughput,AVGspace,AVGnoms,SUMtime,Thread,Qsize,Qno,timingratio,eNum
./bin/tirdf,1800000,0.000031,31954463,8.866998,0.000000,9.970000,1,9	30934	0,2118586,2824901528,0,2824901528
./bin/tirdf,1800000,0.000033,30042049,10.027431,0.000000,36.576000,1,9	25127	4.58493e-321,2898818,11018321216,0,11018321216
./bin/tirdf,1800000,-0.000000,-9223372036854775808,-0.970436,-0.000000,0.000000,1,9	32267	0,777993,991792136,0,991792136
./bin/tirdf,1800000,0.000032,31574430,8.866998,0.000000,10.090000,1,9	32767	3.45846e-323,2118586,2824901528,0,2824901528
./bin/tirdf,1800000,0.000033,30200582,10.027431,0.000000,36.384000,1,9	32766	3.45846e-323,2898818,11018321216,0,11018321216
./bin/tirdf,1800000,-0.000000,-9223372036854775808,-0.970436,-0.000000,0.000000,1,9	25233	4.58493e-321,777993,991792136,0,991792136
./bin/tirdf,1800000,0.000031,32611935,8.866998,0.000000,9.769000,1,9	32765	4.68964e-310,2118586,2824901528,0,2824901528
./bin/tirdf,1800000,0.000037,26982074,10.027431,0.000000,40.724000,1,9	30873	0,2898818,11018321216,0,11018321216
./bin/tirdf,1800000,-0.000000,-9223372036854775808,-0.970436,-0.000000,0.000000,1,9	32724	0,777993,991792136,0,991792136
./bin/tirdf,1800000,0.000029,34685465,8.866998,0.000000,9.185000,1,9	24234	4.58493e-321,2118586,2824901528,0,2824901528
./bin/tirdf,1800000,0.000036,27425882,10.027431,0.000000,40.065000,1,9	25669	4.58493e-321,2898818,11018321216,0,11018321216
./bin/tirdf,1800000,-0.000000,-9223372036854775808,-0.970436,-0.000000,0.000000,1,9	25937	4.58493e-321,777993,991792136,0,991792136
