exe,WinSize,AVGtime,Throughput,AVGspace,AVGnoms,SUMtime,Thread,Qsize,Qno,timingratio,eNum
./bin/tirdf1800000,0.000011,93372215,1.021535,0.000000,3.412000,1,4	28708	0,2118586,325446752,0,325446752
./bin/tirdf1800000,0.000011,93017810,1.021535,0.000000,3.425000,1,4	32765	3.45846e-323,2118586,325446752,0,325446752
./bin/tirdf1800000,0.000011,94930274,1.021535,0.000000,3.356000,1,4	32765	3.45846e-323,2118586,325446752,0,325446752
./bin/tirdf1800000,0.000048,20930687,1.021535,0.000000,15.221000,1,4	23761	4.58493e-321,2118586,325446752,0,325446752
./bin/tirdf1800000,0.000025,39844006,0.879385,0.000000,27.578000,1,4	22028	4.58493e-321,2898818,966284096,0,966284096
./bin/tirdf1800000,-0.000000,-9223372036854775808,-0.071837,-0.000000,0.000000,1,4	30309	0,777993,73418400,0,73418400
./bin/tirdf1800000,0.000048,21012135,1.021535,0.000000,15.162000,1,4	30635	0,2118586,325446752,0,325446752
./bin/tirdf1800000,0.000048,20790002,1.021535,0.000000,15.324000,1,4	32765	3.45846e-323,2118586,325446752,0,325446752
./bin/tirdf3600000,-0.000000,-9223372036854775808,-0.310750,-0.000000,0.000000,1,4	25036	4.58493e-321,2118586,460350112,0,460350112
./bin/tirdf1800000,0.000025,40189385,0.879385,0.000000,27.341000,1,4	32767	4.97179e-310,2898818,966284096,0,966284096
./bin/tirdf1800000,-0.000000,-9223372036854775808,-0.071837,-0.000000,0.000000,1,4	31786	0,777993,73418400,0,73418400
./bin/tirdf1800000,0.000010,97456714,0.146431,0.000000,3.269000,1,4	29854	0,2118586,46650912,0,46650912
./bin/tirdf1800000,0.000011,95037017,0.110360,0.000000,11.562000,1,4	32765	3.45846e-323,2898818,121266048,0,121266048
./bin/tirdf1800000,0.000011,93564170,0.146431,0.000000,3.405000,1,4	32767	5.23609e-310,2118586,46650912,0,46650912
./bin/tirdf1800000,0.000011,93763802,0.110360,0.000000,11.719000,1,4	32764	5.31819e-310,2898818,121266048,0,121266048
./bin/tirdf1800000,-0.000000,-9223372036854775808,-0.039315,-0.000000,0.000000,1,4	32766	3.45846e-323,777993,40180064,0,40180064
./bin/tirdf,1800000,0.000012,82921915,1.021630,0.000000,3.842000,1,4	24369	4.58493e-321,2118586,325476856,0,325476856
./bin/tirdf,1800000,0.000012,84149027,0.879432,0.000000,13.058000,1,4	32766	3.45846e-323,2898818,966335312,0,966335312
./bin/tirdf,1800000,-0.000000,-9223372036854775808,-0.071849,-0.000000,0.000000,1,4	23993	4.58493e-321,777993,73430280,0,73430280
./bin/tirdf,1800000,0.000012,82921915,1.021630,0.000000,3.842000,1,4	32767	3.45846e-323,2118586,325476856,0,325476856
./bin/tirdf,1800000,0.000012,84226429,0.879432,0.000000,13.046000,1,4	29685	0,2898818,966335312,0,966335312
./bin/tirdf,1800000,-0.000000,-9223372036854775808,-0.071849,-0.000000,0.000000,1,4	30427	0,777993,73430280,0,73430280
./bin/tirdf,1800000,0.000012,82900338,1.021630,0.000000,3.843000,1,4	22261	4.58493e-321,2118586,325476856,0,325476856
./bin/tirdf,1800000,0.000012,83885640,0.879432,0.000000,13.099000,1,4	32765	3.45846e-323,2898818,966335312,0,966335312
./bin/tirdf,1800000,-0.000000,-9223372036854775808,-0.071849,-0.000000,0.000000,1,4	32765	4.85718e-310,777993,73430280,0,73430280
./bin/tirdf,1800000,0.000012,83377649,1.021630,0.000000,3.821000,1,4	25785	4.58493e-321,2118586,325476856,0,325476856
./bin/tirdf,1800000,0.000012,82578019,1.021630,0.000000,3.858000,1,4	31855	0,2118586,325476856,0,325476856
./bin/tirdf,1800000,0.000011,87996956,0.879432,0.000000,12.487000,1,4	31752	0,2898818,966335312,0,966335312
./bin/tirdf,1800000,-0.000000,-9223372036854775808,-0.071849,-0.000000,0.000000,1,4	32766	5.30401e-310,777993,73430280,0,73430280
./bin/tirdf,1800000,0.000012,84752859,1.021630,0.000000,3.759000,1,4	32764	3.45846e-323,2118586,325476856,0,325476856
./bin/tirdf,1800000,0.000012,83250094,0.879432,0.000000,13.199000,1,4	32765	3.45846e-323,2898818,966335312,0,966335312
./bin/tirdf,1800000,-0.000000,-9223372036854775808,-0.071849,-0.000000,0.000000,1,4	32764	4.9528e-310,777993,73430280,0,73430280
./bin/tirdf,1800000,0.000016,62345596,1.021630,0.000000,5.110000,1,4	32019	0,2118586,325476856,0,325476856
./bin/tirdf,1800000,0.000014,70162697,0.879432,0.000000,15.661000,1,4	29938	0,2898818,966335312,0,966335312
./bin/tirdf,1800000,-0.000000,-9223372036854775808,-0.071849,-0.000000,0.000000,1,4	31788	0,777993,73430280,0,73430280
./bin/tirdf,1800000,0.000011,92343768,1.021630,0.000000,3.450000,1,4	32765	4.93963e-310,2118586,325476856,0,325476856
./bin/tirdf,1800000,0.000011,94311046,0.879432,0.000000,11.651000,1,4	32765	5.11311e-310,2898818,966335312,0,966335312
./bin/tirdf,1800000,-0.000000,-9223372036854775808,-0.071849,-0.000000,0.000000,1,4	30024	0,777993,73430280,0,73430280
./bin/tirdf,1800000,0.000012,84843142,0.146526,0.000000,3.755000,1,4	32354	0,2118586,46681016,0,46681016
./bin/tirdf,1800000,0.000012,80036273,0.110407,0.000000,13.729000,1,4	32766	5.21425e-310,2898818,121317264,0,121317264
./bin/tirdf,1800000,-0.000000,-9223372036854775808,-0.039326,-0.000000,0.000000,1,4	29590	0,777993,40191944,0,40191944
