exe,WinSize,AVGtime,Throughput,AVGspace,AVGnoms,SUMtime,Thread,Qsize,Qno,timingratio,eNum
./bin/tirdf1800000,0.000064,15600901,0.752701,0.000000,20.421000,1,28	28792	0,2118586,239799872,0,239799872
./bin/tirdf1800000,0.000061,16270159,0.752701,0.000000,19.581000,1,28	32764	5.00497e-310,2118586,239799872,0,239799872
./bin/tirdf3600000,-0.000000,-9223372036854775808,-0.204131,-0.000000,0.000000,1,28	22776	4.58493e-321,2118586,302402304,0,302402304
./bin/tirdf1800000,0.000098,10247547,0.545865,0.000000,31.089000,1,28	24268	4.58493e-321,2118586,173904896,0,173904896
./bin/tirdf1800000,0.000097,10333636,0.545865,0.000000,30.830000,1,28	31322	0,2118586,173904896,0,173904896
./bin/tirdf,1800000,0.000067,14960601,0.752990,0.000000,21.295000,1,28	32613	0,2118586,239892064,0,239892064
./bin/tirdf,1800000,0.000067,14950718,0.567168,0.000000,73.496000,1,28	32767	4.9834e-310,2898818,623214936,0,623214936
./bin/tirdf,1800000,-0.000000,-9223372036854775808,-0.057698,-0.000000,0.000000,1,28	29811	0,777993,58968048,0,58968048
./bin/tirdf,1800000,0.000070,14379220,0.752990,0.000000,22.156000,1,28	32764	4.75924e-310,2118586,239892064,0,239892064
./bin/tirdf,1800000,0.000070,14321885,0.567168,0.000000,76.723000,1,28	29024	0,2898818,623214936,0,623214936
./bin/tirdf,1800000,-0.000000,-9223372036854775808,-0.057698,-0.000000,0.000000,1,28	24869	4.58493e-321,777993,58968048,0,58968048
./bin/tirdf,1800000,0.000061,16282633,0.752990,0.000000,19.566000,1,28	32766	4.75109e-310,2118586,239892064,0,239892064
./bin/tirdf,1800000,0.000063,15970031,0.567168,0.000000,68.805000,1,28	32764	3.45846e-323,2898818,623214936,0,623214936
./bin/tirdf,1800000,-0.000000,-9223372036854775808,-0.057698,-0.000000,0.000000,1,28	32765	3.45846e-323,777993,58968048,0,58968048
./bin/tirdf,1800000,0.000063,15762220,0.752990,0.000000,20.212000,1,28	32766	3.45846e-323,2118586,239892064,0,239892064
./bin/tirdf,1800000,0.000062,16090231,0.567168,0.000000,68.291000,1,28	22251	4.58493e-321,2898818,623214936,0,623214936
./bin/tirdf,1800000,-0.000000,-9223372036854775808,-0.057698,-0.000000,0.000000,1,28	32766	4.80408e-310,777993,58968048,0,58968048
./bin/tirdf,1800000,0.000082,12223688,2.191469,0.000000,26.063000,1,28	30832	0,2118586,698171344,0,698171344
./bin/tirdf,1800000,0.000729,1371547,1.275796,0.000000,801.152000,1,28	32765	4.92772e-310,2898818,1401868120,0,1401868120
./bin/tirdf,1800000,-0.000000,-9223372036854775808,-0.178424,-0.000000,0.000000,1,28	28819	0,777993,182350568,0,182350568
