exe,WinSize,AVGtime,Throughput,AVGspace,AVGnoms,SUMtime,Thread,Qsize,Qno,timingratio,eNum
./bin/tirdf1800000,0.000053,18784551,0.328243,0.000000,16.960000,1,10	31413	0,2118586,104573648,0,104573648
./bin/tirdf,1800000,0.000054,18601389,1.053800,0.000000,17.127000,1,10	31669	0,2118586,335725776,0,335725776
./bin/tirdf,1800000,0.000023,42884102,1.053913,0.000000,7.429000,1,10	23775	4.58493e-321,2118586,335761944,0,335761944
./bin/tirdf,1800000,0.000023,43376677,0.338745,0.000000,25.332000,1,10	32766	3.45846e-323,2898818,372219600,0,372219600
./bin/tirdf,1800000,-0.000000,-9223372036854775808,-0.012240,-0.000000,0.000000,1,10	32765	4.83325e-310,777993,12509544,0,12509544
./bin/tirdf,1800000,0.000023,42803439,1.053913,0.000000,7.443000,1,10	32766	3.45846e-323,2118586,335761944,0,335761944
./bin/tirdf,1800000,0.000023,42964535,0.338745,0.000000,25.575000,1,10	32764	4.69915e-310,2898818,372219600,0,372219600
./bin/tirdf,1800000,-0.000000,-9223372036854775808,-0.012240,-0.000000,0.000000,1,10	32766	3.45846e-323,777993,12509544,0,12509544
./bin/tirdf,1800000,0.000021,47401577,1.053913,0.000000,6.721000,1,10	24179	4.58493e-321,2118586,335761944,0,335761944
./bin/tirdf,1800000,0.000021,47092872,0.338745,0.000000,23.333000,1,10	32764	3.45846e-323,2898818,372219600,0,372219600
./bin/tirdf,1800000,-0.000000,-9223372036854775808,-0.012240,-0.000000,0.000000,1,10	32767	3.45846e-323,777993,12509544,0,12509544
./bin/tirdf,1800000,0.000021,47149030,1.053913,0.000000,6.757000,1,10	24312	4.58493e-321,2118586,335761944,0,335761944
./bin/tirdf,1800000,0.000021,47475394,0.338745,0.000000,23.145000,1,10	32766	4.75359e-310,2898818,372219600,0,372219600
./bin/tirdf,1800000,-0.000000,-9223372036854775808,-0.012240,-0.000000,0.000000,1,10	32766	3.45846e-323,777993,12509544,0,12509544
./bin/tirdf,1800000,0.000022,46225478,0.365522,0.000000,6.892000,1,10	32766	5.19254e-310,2118586,116450256,0,116450256
./bin/tirdf,1800000,0.000022,46062376,0.084795,0.000000,23.855000,1,10	32765	5.27704e-310,2898818,93174264,0,93174264
./bin/tirdf,1800000,-0.000000,-9223372036854775808,-0.013288,-0.000000,0.000000,1,10	32765	4.92179e-310,777993,13580424,0,13580424
./bin/tirdf,1800000,0.000022,45583917,0.378144,0.000000,6.989000,1,10	32765	5.19937e-310,2118586,120471344,0,120471344
./bin/tirdf,1800000,0.000021,46591672,0.107642,0.000000,23.584000,1,10	29889	0,2898818,118278808,0,118278808
./bin/tirdf,1800000,-0.000000,-9223372036854775808,-0.013288,-0.000000,0.000000,1,10	32765	3.45846e-323,777993,13580424,0,13580424
./bin/tirdf,1800000,0.000023,43961087,0.378144,0.000000,7.247000,1,10	30665	0,2118586,120471344,0,120471344
./bin/tirdf,1800000,0.000022,44908370,0.107642,0.000000,24.468000,1,10	31724	0,2898818,118278808,0,118278808
./bin/tirdf,1800000,-0.000000,-9223372036854775808,-0.013288,-0.000000,0.000000,1,10	32767	3.45846e-323,777993,13580424,0,13580424
./bin/tirdf,1800000,0.000001,986334365,0.378144,0.000000,0.323000,1,10	32766	5.48646e-310,2118586,120471344,0,120471344
./bin/tirdf,1800000,0.000001,945626506,0.107642,0.000000,1.162000,1,10	32764	3.45846e-323,2898818,118278808,0,118278808
./bin/tirdf,1800000,-0.000000,-9223372036854775808,-0.013288,-0.000000,0.000000,1,10	32765	3.45846e-323,777993,13580424,0,13580424
