exe,WinSize,AVGtime,Throughput,AVGspace,AVGnoms,SUMtime,Thread,Qsize,Qno,timingratio,eNum
./bin/tirdf,1800000,0.000091,10993685,12.044848,0.000000,28.979000,1,36	30527	0,2118586,3837320056,0,3837320056
./bin/tirdf,1800000,0.000096,10449408,23.726620,0.000000,105.156000,1,36	32765	3.45846e-323,2898818,26071236792,0,26071236792
./bin/tirdf,1800000,-0.000000,-9223372036854775808,-0.742943,-0.000000,0.000000,1,36	32767	5.01825e-310,777993,759292720,0,759292720
./bin/tirdf,1800000,0.000091,10952488,12.044848,0.000000,29.088000,1,36	32766	3.45846e-323,2118586,3837320056,0,3837320056
./bin/tirdf,1800000,0.000094,10607477,23.726620,0.000000,103.589000,1,36	30846	0,2898818,26071236792,0,26071236792
./bin/tirdf,1800000,-0.000000,-9223372036854775808,-0.742943,-0.000000,0.000000,1,36	32765	4.9383e-310,777993,759292720,0,759292720
./bin/tirdf,1800000,0.000124,8083066,12.044848,0.000000,39.414000,1,36	32764	3.45846e-323,2118586,3837320056,0,3837320056
./bin/tirdf,1800000,0.000109,9168965,23.726620,0.000000,119.841000,1,36	32764	3.45846e-323,2898818,26071236792,0,26071236792
./bin/tirdf,1800000,-0.000000,-9223372036854775808,-0.742943,-0.000000,0.000000,1,36	32767	3.45846e-323,777993,759292720,0,759292720
./bin/tirdf,1800000,0.000084,11909757,12.044848,0.000000,26.750000,1,36	32765	3.45846e-323,2118586,3837320056,0,3837320056
./bin/tirdf,1800000,0.000088,11392972,23.726620,0.000000,96.447000,1,36	32765	5.19138e-310,2898818,26071236792,0,26071236792
./bin/tirdf,1800000,-0.000000,-9223372036854775808,-0.742943,-0.000000,0.000000,1,36	32766	4.94772e-310,777993,759292720,0,759292720
