exe,WinSize,AVGtime,Throughput,AVGspace,AVGnoms,SUMtime,Thread,Qsize,Qno,timingratio,eNum
./bin/tirdf,1800000,0.000038,26115747,0.437350,0.000000,12.199000,1,15	32767	5.01884e-310,2118586,139333696,0,139333696
./bin/tirdf,1800000,0.000039,25963281,0.304192,0.000000,42.322000,1,15	32767	3.45846e-323,2898818,334252184,0,334252184
./bin/tirdf,1800000,-0.000000,-9223372036854775808,-0.011735,-0.000000,0.000000,1,15	32767	3.45846e-323,777993,11992800,0,11992800
./bin/tirdf,1800000,0.000038,26102908,0.437350,0.000000,12.205000,1,15	30428	0,2118586,139333696,0,139333696
./bin/tirdf,1800000,0.000039,25870976,0.304192,0.000000,42.473000,1,15	32765	4.91734e-310,2898818,334252184,0,334252184
./bin/tirdf,1800000,-0.000000,-9223372036854775808,-0.011735,-0.000000,0.000000,1,15	29186	0,777993,11992800,0,11992800
./bin/tirdf,1800000,0.000037,27299571,0.437350,0.000000,11.670000,1,15	32766	3.45846e-323,2118586,139333696,0,139333696
./bin/tirdf,1800000,0.000051,19589217,0.304192,0.000000,56.093000,1,15	28732	0,2898818,334252184,0,334252184
./bin/tirdf,1800000,-0.000000,-9223372036854775808,-0.011735,-0.000000,0.000000,1,15	32766	3.45846e-323,777993,11992800,0,11992800
./bin/tirdf,1800000,0.000036,28079146,0.437350,0.000000,11.346000,1,15	32766	3.45846e-323,2118586,139333696,0,139333696
./bin/tirdf,1800000,0.000035,28728019,0.304192,0.000000,38.249000,1,15	32765	4.82728e-310,2898818,334252184,0,334252184
./bin/tirdf,1800000,-0.000000,-9223372036854775808,-0.011735,-0.000000,0.000000,1,15	24736	4.58493e-321,777993,11992800,0,11992800
./bin/tirdf,1800000,0.000035,28452799,0.105359,0.000000,11.197000,1,15	32764	4.92657e-310,2118586,33565832,0,33565832
./bin/tirdf,1800000,0.000035,28169764,0.045239,0.000000,39.007000,1,15	30447	0,2898818,49709664,0,49709664
./bin/tirdf,1800000,-0.000000,-9223372036854775808,-0.014715,-0.000000,0.000000,1,15	29175	0,777993,15038656,0,15038656
./bin/tirdf,1800000,0.000035,28595817,0.122060,0.000000,11.141000,1,15	32765	3.45846e-323,2118586,38886616,0,38886616
./bin/tirdf,1800000,0.000036,27924928,0.060183,0.000000,39.349000,1,15	32431	0,2898818,66129888,0,66129888
./bin/tirdf,1800000,-0.000000,-9223372036854775808,-0.014715,-0.000000,0.000000,1,15	32271	0,777993,15038656,0,15038656
