exe,WinSize,AVGtime,Throughput,AVGspace,AVGnoms,SUMtime,Thread,Qsize,Qno,timingratio,eNum
./bin/tirdf,1800000,0.000032,30784230,50.756193,0.000000,10.349000,1,12	32764	5.33603e-310,2118586,16170212432,0,16170212432
./bin/tirdf,1800000,0.000039,25572938,76.929959,0.000000,42.968000,1,12	29026	0,2898818,84532023992,0,84532023992
./bin/tirdf,1800000,-0.000000,-9223372036854775808,-61.250016,-0.000000,0.000000,1,12	32766	3.45846e-323,777993,62597944928,0,62597944928
./bin/tirdf,1800000,0.000031,31829953,50.756193,0.000000,10.009000,1,12	30263	0,2118586,16170212432,0,16170212432
./bin/tirdf,1800000,0.000040,25227127,76.929959,0.000000,43.557000,1,12	28764	0,2898818,84532023992,0,84532023992
./bin/tirdf,1800000,-0.000000,-9223372036854775808,-61.250016,-0.000000,0.000000,1,12	32767	3.45846e-323,777993,62597944928,0,62597944928
./bin/tirdf,1800000,0.000044,22749642,50.756193,0.000000,14.004000,1,12	32765	3.45846e-323,2118586,16170212432,0,16170212432
./bin/tirdf,1800000,0.000049,20235313,76.929959,0.000000,54.302000,1,12	32764	3.45846e-323,2898818,84532023992,0,84532023992
./bin/tirdf,1800000,-0.000000,-9223372036854775808,-61.250016,-0.000000,0.000000,1,12	24236	4.58493e-321,777993,62597944928,0,62597944928
./bin/tirdf,1800000,0.000029,34397106,50.756193,0.000000,9.262000,1,12	32764	5.14465e-310,2118586,16170212432,0,16170212432
./bin/tirdf,1800000,0.000037,26875822,76.929959,0.000000,40.885000,1,12	30908	0,2898818,84532023992,0,84532023992
./bin/tirdf,1800000,-0.000000,-9223372036854775808,-61.250016,-0.000000,0.000000,1,12	29562	0,777993,62597944928,0,62597944928
