exe,WinSize,AVGtime,Throughput,AVGspace,AVGnoms,SUMtime,Thread,Qsize,Qno,timingratio,eNum
./bin/tirdf,1800000,0.000042,23805275,4.028655,0.000000,13.383000,1,18	32764	4.91009e-310,2118586,1283472976,0,1283472976
./bin/tirdf,1800000,0.000043,23365186,3.331614,0.000000,47.028000,1,18	29606	0,2898818,3660836936,0,3660836936
./bin/tirdf,1800000,-0.000000,-9223372036854775808,-0.221172,-0.000000,0.000000,1,18	32764	5.32099e-310,777993,226039032,0,226039032
./bin/tirdf,1800000,0.000042,23796384,4.028655,0.000000,13.388000,1,18	30378	0,2118586,1283472976,0,1283472976
./bin/tirdf,1800000,0.000043,23509157,3.331614,0.000000,46.740000,1,18	23191	4.58493e-321,2898818,3660836936,0,3660836936
./bin/tirdf,1800000,-0.000000,-9223372036854775808,-0.221172,-0.000000,0.000000,1,18	25556	4.58493e-321,777993,226039032,0,226039032
./bin/tirdf,1800000,0.000056,17804068,4.028655,0.000000,17.894000,1,18	32764	5.16848e-310,2118586,1283472976,0,1283472976
./bin/tirdf,1800000,0.000055,18263712,3.331614,0.000000,60.164000,1,18	32669	0,2898818,3660836936,0,3660836936
./bin/tirdf,1800000,-0.000000,-9223372036854775808,-0.221172,-0.000000,0.000000,1,18	22911	4.58493e-321,777993,226039032,0,226039032
./bin/tirdf,1800000,0.000039,25873954,4.028655,0.000000,12.313000,1,18	32765	5.32094e-310,2118586,1283472976,0,1283472976
./bin/tirdf,1800000,0.000039,25741279,3.331614,0.000000,42.687000,1,18	22654	4.58493e-321,2898818,3660836936,0,3660836936
./bin/tirdf,1800000,-0.000000,-9223372036854775808,-0.221172,-0.000000,0.000000,1,18	30935	0,777993,226039032,0,226039032
./bin/tirdf,1800000,0.000043,23447854,2.220331,0.000000,13.587000,1,18	31217	0,2118586,707366232,0,707366232
./bin/tirdf,1800000,0.000052,19099249,1.627857,0.000000,57.532000,1,18	29101	0,2898818,1788718296,0,1788718296
./bin/tirdf,1800000,-0.000000,-9223372036854775808,-0.508751,-0.000000,0.000000,1,18	30774	0,777993,519947152,0,519947152
