exe,WinSize,AVGtime,Throughput,AVGspace,AVGnoms,SUMtime,Thread,Qsize,Qno,timingratio,eNum
./bin/tirdf,1800000,0.000038,26573192,107.277319,0.000000,11.989000,1,12	25292	4.58493e-321,2118586,34177052016,0,34177052016
./bin/tirdf,1800000,0.000069,14412996,302.980583,0.000000,76.238000,1,12	32765	5.25731e-310,2898818,332920518360,0,332920518360
./bin/tirdf,1800000,-0.000000,-9223372036854775808,-0.205711,-0.000000,0.000000,1,12	25587	4.58493e-321,777993,210238400,0,210238400
./bin/tirdf,1800000,0.000038,26628719,107.277319,0.000000,11.964000,1,12	32766	5.38181e-310,2118586,34177052016,0,34177052016
./bin/tirdf,1800000,0.000071,14179760,302.980583,0.000000,77.492000,1,12	22221	4.58493e-321,2898818,332920518360,0,332920518360
./bin/tirdf,1800000,-0.000000,-9223372036854775808,-0.205711,-0.000000,0.000000,1,12	32765	3.45846e-323,777993,210238400,0,210238400
./bin/tirdf,1800000,0.000045,22464109,107.277319,0.000000,14.182000,1,12	32767	4.82825e-310,2118586,34177052016,0,34177052016
./bin/tirdf,1800000,0.000084,11966045,302.980583,0.000000,91.828000,1,12	32764	5.41166e-310,2898818,332920518360,0,332920518360
./bin/tirdf,1800000,-0.000000,-9223372036854775808,-0.205711,-0.000000,0.000000,1,12	31097	0,777993,210238400,0,210238400
./bin/tirdf,1800000,0.000035,28529237,107.277319,0.000000,11.167000,1,12	23983	4.58493e-321,2118586,34177052016,0,34177052016
./bin/tirdf,1800000,0.000067,14824451,302.980583,0.000000,74.122000,1,12	32764	3.45846e-323,2898818,332920518360,0,332920518360
./bin/tirdf,1800000,-0.000000,-9223372036854775808,-0.205711,-0.000000,0.000000,1,12	32764	5.41812e-310,777993,210238400,0,210238400
./bin/tirdf,1800000,0.000036,27466678,19.652713,0.000000,11.599000,1,12	32767	4.99997e-310,2118586,6261079184,0,6261079184
./bin/tirdf,1800000,0.000270,3701967,65.322393,0.000000,296.820000,1,12	32767	4.87227e-310,2898818,71777420936,0,71777420936
./bin/tirdf,1800000,-0.000000,-9223372036854775808,-0.092019,-0.000000,0.000000,1,12	32767	3.45846e-323,777993,94043848,0,94043848
./bin/tirdf,1800000,0.000036,27936338,19.652713,0.000000,11.404000,1,12	28961	0,2118586,6261079184,0,6261079184
./bin/tirdf,1800000,0.000265,3779487,65.322393,0.000000,290.732000,1,12	30604	0,2898818,71777420936,0,71777420936
./bin/tirdf,1800000,-0.000000,-9223372036854775808,-0.092019,-0.000000,0.000000,1,12	30842	0,777993,94043848,0,94043848
./bin/tirdf,1800000,0.000005,189296494,19.652713,0.000000,1.683000,1,12	32571	0,2118586,6261079184,0,6261079184
./bin/tirdf,1800000,0.000212,4725346,65.322393,0.000000,232.537000,1,12	32766	3.45846e-323,2898818,71777420936,0,71777420936
./bin/tirdf,1800000,-0.000000,-9223372036854775808,-0.092019,-0.000000,0.000000,1,12	32764	3.45846e-323,777993,94043848,0,94043848
