exe,WinSize,AVGtime,Throughput,AVGspace,AVGnoms,SUMtime,Thread,Qsize,Qno,timingratio,eNum
./bin/tirdf,1800000,0.000025,39561157,14.458531,0.000000,8.053000,1,10	32764	5.25366e-310,2118586,4606285648,0,4606285648
./bin/tirdf,1800000,0.000029,34767220,12.040868,0.000000,31.605000,1,10	32708	0,2898818,13230722568,0,13230722568
./bin/tirdf,1800000,-0.000000,-9223372036854775808,-0.145128,-0.000000,0.000000,1,10	32764	5.25648e-310,777993,148321800,0,148321800
./bin/tirdf,1800000,0.000025,39502293,14.458531,0.000000,8.065000,1,10	31252	0,2118586,4606285648,0,4606285648
./bin/tirdf,1800000,0.000029,34965251,12.040868,0.000000,31.426000,1,10	23295	4.58493e-321,2898818,13230722568,0,13230722568
./bin/tirdf,1800000,-0.000000,-9223372036854775808,-0.145128,-0.000000,0.000000,1,10	32765	5.1455e-310,777993,148321800,0,148321800
./bin/tirdf,1800000,0.000035,28417268,14.458531,0.000000,11.211000,1,10	24537	4.58493e-321,2118586,4606285648,0,4606285648
./bin/tirdf,1800000,0.000038,26412624,12.040868,0.000000,41.602000,1,10	23824	4.58493e-321,2898818,13230722568,0,13230722568
./bin/tirdf,1800000,-0.000000,-9223372036854775808,-0.145128,-0.000000,0.000000,1,10	32764	5.16224e-310,777993,148321800,0,148321800
./bin/tirdf,1800000,0.000024,42074220,14.458531,0.000000,7.572000,1,10	32766	3.45846e-323,2118586,4606285648,0,4606285648
./bin/tirdf,1800000,0.000027,37368406,12.040868,0.000000,29.405000,1,10	32765	4.95195e-310,2898818,13230722568,0,13230722568
./bin/tirdf,1800000,-0.000000,-9223372036854775808,-0.145128,-0.000000,0.000000,1,10	32766	5.11922e-310,777993,148321800,0,148321800
./bin/tirdf,1800000,0.000024,41968910,0.741647,0.000000,7.591000,1,10	32766	5.34501e-310,2118586,236278496,0,236278496
./bin/tirdf,1800000,0.000026,38712584,0.619495,0.000000,28.384000,1,10	32767	4.89488e-310,2898818,680712272,0,680712272
./bin/tirdf,1800000,-0.000000,-9223372036854775808,-0.160073,-0.000000,0.000000,1,10	32766	3.45846e-323,777993,163595216,0,163595216
