exe,WinSize,AVGtime,Throughput,AVGspace,AVGnoms,SUMtime,Thread,Qsize,Qno,timingratio,eNum
./bin/tirdf,1800000,0.000030,33486020,37.923901,0.000000,9.514000,1,11	28768	0,2118586,12082023920,0,12082023920
./bin/tirdf,1800000,0.000033,29965039,48.361817,0.000000,36.670000,1,11	32765	5.31799e-310,2898818,53140834936,0,53140834936
./bin/tirdf,1800000,-0.000000,-9223372036854775808,-0.871239,-0.000000,0.000000,1,11	32764	3.45846e-323,777993,890412552,0,890412552
./bin/tirdf,1800000,0.000029,34015161,37.923901,0.000000,9.366000,1,11	22643	4.58493e-321,2118586,12082023920,0,12082023920
./bin/tirdf,1800000,0.000034,29468408,48.361817,0.000000,37.288000,1,11	32766	3.45846e-323,2898818,53140834936,0,53140834936
./bin/tirdf,1800000,-0.000000,-9223372036854775808,-0.871239,-0.000000,0.000000,1,11	30568	0,777993,890412552,0,890412552
./bin/tirdf,1800000,0.000040,24783041,37.923901,0.000000,12.855000,1,11	32766	5.37202e-310,2118586,12082023920,0,12082023920
./bin/tirdf,1800000,0.000043,23488050,48.361817,0.000000,46.782000,1,11	32765	5.0783e-310,2898818,53140834936,0,53140834936
./bin/tirdf,1800000,-0.000000,-9223372036854775808,-0.871239,-0.000000,0.000000,1,11	22588	4.58493e-321,777993,890412552,0,890412552
./bin/tirdf,1800000,0.000027,36468177,37.923901,0.000000,8.736000,1,11	32765	4.85935e-310,2118586,12082023920,0,12082023920
./bin/tirdf,1800000,0.000031,31777951,48.361817,0.000000,34.578000,1,11	23923	4.58493e-321,2898818,53140834936,0,53140834936
./bin/tirdf,1800000,-0.000000,-9223372036854775808,-0.871239,-0.000000,0.000000,1,11	30236	0,777993,890412552,0,890412552
./bin/tirdf,1800000,0.000033,30275206,3.053530,0.000000,10.523000,1,11	32764	3.45846e-323,2118586,972811960,0,972811960
./bin/tirdf,1800000,0.002958,338037,11.289921,0.000000,3250.582000,1,11	30285	0,2898818,12405568144,0,12405568144
./bin/tirdf,1800000,-0.000000,-9223372036854775808,-0.217853,-0.000000,0.000000,1,11	32766	5.40529e-310,777993,222647496,0,222647496
